"""
TESTS is a dict with all you tests,
Keys for this will be categories' names,
Each test is dict with
    "input" -- input data for user function
    "answer" -- your right answer
    "explanation" -- not necessary key, it's using for additional info in animation,
"""

TESTS = {
    "Basics": [
        {
            "input": [[[0, 40, 0, 40, 0, 0], [40, 6, 0, 0, 40, 0], [0, 0, 3, 0, 28, 0], [40, 0, 0, 4, 40, 28],
                       [0, 40, 28, 40, 1, 0], [0, 0, 0, 28, 0, 2]], 80],
            "answer": 13,
            "rooms": [[1, 1, 0], [5, 1, 6], [7, 3, 3], [1, 5, 4], [5, 5, 1], [3, 7, 2]],
            "paths": [[0, 1], [0, 3], [1, 4], [2, 4], [3, 4], [3, 5]],
            "escaped": [0, 3, 5, 4, 1],
        },
        {
            "input": [[[0, 40, 0, 40, 0, 0], [40, 6, 0, 0, 40, 0], [0, 0, 3, 0, 28, 0], [40, 0, 0, 4, 40, 28],
                       [0, 40, 28, 40, 1, 0], [0, 0, 0, 28, 0, 2]], 40],
            "answer": 10,
            "rooms": [[1, 1, 0], [5, 1, 6], [7, 3, 3], [1, 5, 4], [5, 5, 1], [3, 7, 2]],
            "paths": [[0, 1], [0, 3], [1, 4], [2, 4], [3, 4], [3, 5]],
            "escaped": [0, 3, 1],
        },
        {
            "input": [[[0, 40, 0, 40, 0, 0], [40, 6, 0, 0, 40, 0], [0, 0, 3, 0, 28, 0], [40, 0, 0, 4, 40, 28],
                       [0, 40, 28, 40, 1, 0], [0, 0, 0, 28, 0, 2]], 39],
            "answer": 0,
            "rooms": [[1, 1, 0], [5, 1, 6], [7, 3, 3], [1, 5, 4], [5, 5, 1], [3, 7, 2]],
            "paths": [[0, 1], [0, 3], [1, 4], [2, 4], [3, 4], [3, 5]],
            "escaped": [0],
        },
        {
            "input": [[[0, 0, 40, 0, 40, 40, 0, 40, 0], [0, 1, 40, 0, 40, 0, 0, 0, 0], [40, 40, 1, 40, 0, 0, 0, 0, 0],
                       [0, 0, 40, 1, 0, 40, 0, 0, 0], [40, 40, 0, 0, 1, 0, 40, 0, 0], [40, 0, 0, 40, 0, 1, 0, 0, 40],
                       [0, 0, 0, 0, 40, 0, 1, 40, 0], [40, 0, 0, 0, 0, 0, 40, 1, 40], [0, 0, 0, 0, 0, 40, 0, 40, 1]],
                      40],
            "answer": 4,
            "rooms": [[5, 5, 0], [1, 1, 1], [1, 5, 1], [1, 9, 1], [5, 1, 1], [5, 9, 1], [9, 1, 1], [9, 5, 1],
                      [9, 9, 1]],
            "paths": [[1, 2], [2, 3], [4, 0], [0, 5], [6, 7], [7, 8], [1, 4], [2, 0], [3, 5], [4, 6], [0, 7], [5, 8]],
            "escaped": [0, 7, 5, 4, 2],
        },
        {
            "input": [[[0, 0, 40, 0, 40, 40, 0, 40, 0], [0, 1, 40, 0, 40, 0, 0, 0, 0], [40, 40, 1, 40, 0, 0, 0, 0, 0],
                       [0, 0, 40, 1, 0, 40, 0, 0, 0], [40, 40, 0, 0, 1, 0, 40, 0, 0], [40, 0, 0, 40, 0, 1, 0, 0, 40],
                       [0, 0, 0, 0, 40, 0, 1, 40, 0], [40, 0, 0, 0, 0, 0, 40, 1, 40], [0, 0, 0, 0, 0, 40, 0, 40, 1]],
                      1000],
            "answer": 8,
            "rooms": [[5, 5, 0], [1, 1, 1], [1, 5, 1], [1, 9, 1], [5, 1, 1], [5, 9, 1], [9, 1, 1], [9, 5, 1],
                      [9, 9, 1]],
            "paths": [[1, 2], [2, 3], [4, 0], [0, 5], [6, 7], [7, 8], [1, 4], [2, 0], [3, 5], [4, 6], [0, 7], [5, 8]],
            "escaped": [0, 7, 8, 5, 3, 2, 1, 4, 6],
        },
    ],
    "Extra": [
        {
        "no": 2,
        "input": [[[5, 22, 70, 22, 60, 42], [22, 3, 63, 40, 58, 22], [70, 63, 8, 63, 14, 50], [22, 40, 63, 3, 50, 53], [60, 58, 14, 50, 5, 50], [42, 22, 50, 53, 50, 5]], 434],
        "answer": 29,
        "rooms": [[0, 5, 5], [1, 7, 3], [7, 5, 8], [1, 3, 3], [6, 4, 5], [3, 8, 5]],
        "paths": [(4, 5), (1, 3), (1, 4), (0, 5), (0, 3), (1, 5), (2, 4), (0, 1), (0, 4), (2, 3), (3, 4), (3, 5), (0, 2), (2, 5), (1, 2)],
        "escaped": [0, 5, 4, 3, 2, 1],
    },
{
        "no": 3,
        "input": [[[2, 84, 80, 41, 44, 72, 58, 50, 22, 36, 60], [84, 6, 72, 72, 44, 20, 31, 70, 64, 85, 50], [80, 72, 9, 40, 50, 80, 50, 30, 76, 50, 28], [41, 72, 40, 1, 30, 70, 41, 10, 42, 14, 28], [44, 44, 50, 30, 9, 40, 14, 31, 30, 41, 22], [72, 20, 80, 70, 40, 8, 31, 70, 50, 80, 53], [58, 31, 50, 41, 14, 31, 1, 40, 41, 53, 22], [50, 70, 30, 10, 31, 70, 40, 8, 50, 22, 22], [22, 64, 76, 42, 30, 50, 41, 50, 2, 44, 50], [36, 85, 50, 14, 41, 80, 53, 22, 44, 1, 42], [60, 50, 28, 28, 22, 53, 22, 22, 50, 42, 2]], 735],
        "answer": 49,
        "rooms": [[0, 7, 2], [6, 1, 6], [8, 8, 9], [4, 8, 1], [4, 5, 9], [4, 1, 8], [5, 4, 1], [5, 8, 8], [1, 5, 2], [3, 9, 1], [6, 6, 2]],
        "paths": [(3, 5), (7, 8), (0, 7), (6, 7), (1, 7), (0, 2), (3, 9), (2, 9), (1, 10), (5, 7), (1, 9), (8, 10), (2, 3), (6, 8), (1, 6), (0, 6), (3, 8), (9, 10), (3, 6), (3, 10), (5, 10), (1, 5), (6, 10), (0, 3), (4, 7), (4, 6), (4, 9), (2, 7), (1, 8), (1, 3), (2, 6), (2, 10), (5, 9), (5, 8), (4, 8), (1, 2), (4, 5), (5, 6), (0, 9), (7, 9), (2, 8), (0, 4), (2, 4), (6, 9), (0, 1), (0, 10), (1, 4), (7, 10), (2, 5), (8, 9), (4, 10), (0, 5), (3, 4), (0, 8), (3, 7)],
        "escaped": [0, 10, 9, 8, 7, 6, 5, 4, 3, 2, 1],
    },
{
        "no": 4,
        "input": [[[2, 50, 70, 41, 60, 22, 64, 14, 85, 70, 76], [50, 7, 22, 14, 10, 44, 40, 41, 42, 20, 36], [70, 22, 4, 36, 14, 60, 53, 60, 22, 10, 20], [41, 14, 36, 2, 22, 42, 31, 36, 56, 31, 50], [60, 10, 14, 22, 2, 53, 41, 50, 36, 10, 31], [22, 44, 60, 42, 53, 7, 72, 10, 70, 63, 60], [64, 40, 53, 31, 41, 72, 8, 64, 76, 44, 72], [14, 41, 60, 36, 50, 10, 64, 2, 72, 60, 63], [85, 42, 22, 56, 36, 70, 76, 72, 6, 31, 10], [70, 20, 10, 31, 10, 63, 44, 60, 31, 2, 30], [76, 36, 20, 50, 31, 60, 72, 63, 10, 30, 7]], 11],
        "answer": 2,
        "rooms": [[0, 6, 2], [5, 6, 7], [7, 7, 4], [4, 5, 2], [6, 6, 2], [1, 8, 7], [5, 2, 8], [1, 7, 2], [8, 9, 6], [7, 6, 2], [7, 9, 7]],
        "paths": [(5, 7), (2, 3), (3, 8), (2, 5), (1, 4), (3, 9), (2, 9), (7, 9), (8, 10), (6, 7), (1, 8), (3, 10), (5, 9), (0, 6), (3, 7), (2, 6), (2, 7), (4, 9), (0, 8), (2, 10), (5, 6), (1, 7), (3, 4), (4, 10), (4, 8), (4, 7), (3, 5), (1, 5), (0, 4), (1, 6), (5, 10), (4, 5), (0, 10), (0, 2), (0, 3), (1, 9), (6, 8), (7, 10), (2, 8), (6, 10), (2, 4), (0, 7), (0, 9), (4, 6), (9, 10), (3, 6), (0, 1), (0, 5), (1, 2), (1, 3), (7, 8), (8, 9), (5, 8), (1, 10), (6, 9)],
        "escaped": [0],
    },
{
        "no": 5,
        "input": [[[5, 60, 94, 102, 22, 30, 78, 64, 89], [60, 9, 44, 80, 50, 63, 50, 31, 72], [94, 44, 8, 50, 76, 82, 31, 31, 50], [102, 80, 50, 2, 80, 78, 30, 50, 14], [22, 50, 76, 80, 7, 14, 56, 44, 67], [30, 63, 82, 78, 14, 8, 58, 50, 64], [78, 50, 31, 30, 56, 58, 3, 20, 22], [64, 31, 31, 50, 44, 50, 20, 8, 41], [89, 72, 50, 14, 67, 64, 22, 41, 9]], 259],
        "answer": 59,
        "rooms": [[0, 1, 5], [1, 7, 9], [5, 9, 8], [9, 6, 2], [2, 2, 7], [3, 1, 8], [6, 6, 3], [4, 6, 8], [8, 5, 9]],
        "paths": [(2, 7), (3, 4), (2, 4), (4, 5), (0, 6), (5, 7), (1, 6), (0, 4), (3, 7), (2, 8), (1, 8), (0, 1), (1, 7), (5, 6), (4, 8), (6, 7), (2, 6), (1, 3), (2, 5), (3, 8), (5, 8), (1, 5), (1, 4), (4, 7), (0, 3), (4, 6), (0, 5), (7, 8), (3, 6), (2, 3), (1, 2), (0, 7), (0, 2), (0, 8), (3, 5), (6, 8)],
        "escaped": [0, 8, 7, 6, 5, 4, 3, 2, 1],
    },
{
        "no": 6,
        "input": [[[5, 58, 22, 58, 102, 90, 72], [58, 6, 36, 28, 60, 84, 22], [22, 36, 9, 41, 85, 85, 50], [58, 28, 41, 8, 44, 56, 50], [102, 60, 85, 44, 2, 60, 72], [90, 84, 85, 56, 60, 5, 106], [72, 22, 50, 50, 72, 106, 6]], 42],
        "answer": 14,
        "rooms": [[0, 8, 5], [3, 3, 6], [1, 6, 9], [5, 5, 8], [9, 3, 2], [9, 9, 5], [2, 1, 6]],
        "paths": [(0, 5), (0, 4), (0, 1), (4, 5), (1, 6), (4, 6), (5, 6), (1, 3), (2, 6), (1, 4), (0, 3), (2, 3), (3, 4), (0, 6), (2, 5), (0, 2), (2, 4), (1, 5), (3, 6), (1, 2), (3, 5)],
        "escaped": [0, 2],
    },
{
        "no": 7,
        "input": [[[8, 72, 50, 82, 67, 50, 42, 72, 41, 30, 76, 70, 64, 36, 41, 76, 50], [72, 1, 31, 41, 14, 44, 64, 22, 42, 44, 50, 20, 42, 70, 31, 10, 67], [50, 31, 5, 64, 20, 14, 60, 22, 40, 31, 67, 42, 20, 63, 20, 30, 36], [82, 41, 64, 9, 53, 78, 50, 63, 41, 53, 14, 22, 80, 60, 50, 50, 98], [67, 14, 20, 53, 5, 31, 67, 10, 44, 42, 60, 31, 28, 72, 28, 10, 53], [50, 44, 14, 78, 31, 4, 70, 30, 50, 40, 80, 56, 14, 70, 31, 41, 22], [42, 64, 60, 50, 67, 70, 5, 76, 22, 30, 40, 50, 80, 10, 41, 72, 82], [72, 22, 22, 63, 10, 30, 76, 5, 53, 50, 70, 41, 22, 80, 36, 14, 50], [41, 42, 40, 41, 44, 50, 22, 53, 5, 14, 36, 31, 60, 28, 20, 50, 67], [30, 44, 31, 53, 42, 40, 30, 50, 14, 8, 50, 40, 50, 31, 14, 50, 53], [76, 50, 67, 14, 60, 80, 40, 70, 36, 50, 1, 30, 85, 50, 50, 60, 100], [70, 20, 42, 22, 31, 56, 50, 41, 31, 40, 30, 8, 58, 58, 31, 30, 78], [64, 42, 20, 80, 28, 14, 80, 22, 60, 50, 85, 58, 3, 82, 40, 36, 30], [36, 70, 63, 60, 72, 70, 10, 80, 28, 31, 50, 58, 82, 6, 44, 78, 80], [41, 31, 20, 50, 28, 31, 41, 36, 20, 14, 50, 31, 40, 44, 4, 36, 50], [76, 10, 30, 50, 10, 41, 72, 14, 50, 50, 60, 30, 36, 78, 36, 9, 63], [50, 67, 36, 98, 53, 22, 82, 50, 67, 53, 100, 78, 30, 80, 50, 63, 5]], 622],
        "answer": 91,
        "rooms": [[0, 4, 8], [7, 6, 1], [4, 7, 5], [8, 2, 9], [6, 7, 5], [3, 8, 4], [3, 1, 5], [6, 8, 5], [4, 3, 5], [3, 4, 8], [7, 1, 1], [7, 4, 8], [4, 9, 3], [2, 1, 6], [4, 5, 4], [7, 7, 9], [1, 9, 5]],
        "paths": [(4, 5), (3, 7), (4, 10), (8, 15), (5, 13), (6, 12), (1, 4), (9, 12), (4, 15), (2, 13), (0, 10), (0, 14), (5, 6), (6, 7), (0, 16), (9, 11), (4, 9), (5, 12), (1, 10), (1, 14), (9, 10), (2, 5), (10, 13), (0, 3), (0, 5), (6, 15), (4, 16), (2, 9), (13, 15), (2, 10), (3, 12), (1, 13), (2, 14), (10, 14), (8, 14), (4, 14), (1, 8), (3, 8), (3, 4), (12, 16), (13, 14), (1, 6), (1, 12), (11, 14), (7, 8), (10, 15), (10, 16), (1, 11), (8, 16), (4, 13), (5, 16), (0, 4), (5, 7), (12, 13), (3, 5), (9, 15), (9, 16), (4, 11), (7, 16), (9, 13), (1, 7), (5, 15), (6, 10), (0, 11), (14, 15), (3, 14), (9, 14), (2, 12), (1, 2), (1, 16), (0, 8), (1, 15), (6, 8), (6, 11), (12, 14), (10, 12), (5, 14), (3, 11), (6, 16), (7, 15), (3, 9), (8, 9), (15, 16), (6, 13), (2, 11), (3, 16), (3, 13), (4, 7), (4, 12), (12, 15), (11, 13), (3, 15), (0, 12), (0, 1), (5, 9), (7, 9), (1, 3), (5, 11), (0, 15), (4, 8), (10, 11), (2, 15), (11, 16), (5, 10), (4, 6), (7, 10), (6, 14), (2, 3), (11, 12), (11, 15), (1, 5), (0, 2), (8, 10), (8, 11), (0, 6), (13, 16), (2, 7), (7, 14), (2, 4), (7, 13), (0, 9), (2, 8), (2, 6), (3, 10), (6, 9), (3, 6), (8, 12), (7, 11), (2, 16), (0, 13), (7, 12), (5, 8), (14, 16), (0, 7), (1, 9), (8, 13)],
        "escaped": [0, 16, 15, 14, 13, 12, 11, 10, 9, 8, 7, 6, 3, 2, 1, 5, 4],
    },
{
        "no": 8,
        "input": [[[4, 80, 114, 50, 98, 44, 31, 60], [80, 7, 60, 36, 60, 67, 53, 28], [114, 60, 8, 89, 20, 76, 100, 85], [50, 36, 89, 4, 82, 58, 20, 10], [98, 60, 20, 82, 8, 58, 89, 80], [44, 67, 76, 58, 58, 2, 50, 64], [31, 53, 100, 20, 89, 50, 1, 30], [60, 28, 85, 10, 80, 64, 30, 3]], 178],
        "answer": 37,
        "rooms": [[0, 8, 4], [8, 7, 7], [9, 1, 8], [5, 9, 4], [7, 1, 8], [2, 4, 2], [3, 9, 1], [6, 9, 3]],
        "paths": [(5, 7), (3, 6), (1, 5), (4, 5), (3, 7), (2, 4), (6, 7), (1, 6), (1, 2), (0, 3), (2, 6), (4, 7), (0, 1), (0, 4), (0, 6), (2, 3), (0, 2), (4, 6), (5, 6), (1, 4), (2, 5), (1, 7), (2, 7), (0, 5), (1, 3), (3, 5), (3, 4), (0, 7)],
        "escaped": [0, 7, 6, 5, 3, 1, 4, 2],
    },
{
        "no": 9,
        "input": [[[8, 90, 50, 64, 82, 50, 67], [90, 9, 94, 70, 22, 72, 42], [50, 94, 4, 30, 98, 22, 94], [64, 70, 30, 7, 80, 14, 82], [82, 22, 98, 80, 6, 78, 22], [50, 72, 22, 14, 78, 1, 76], [67, 42, 94, 82, 22, 76, 3]], 958],
        "answer": 38,
        "rooms": [[0, 6, 8], [9, 6, 9], [1, 1, 4], [4, 1, 7], [8, 8, 6], [3, 2, 1], [6, 9, 3]],
        "paths": [(2, 6), (1, 4), (0, 3), (3, 5), (4, 6), (2, 4), (2, 5), (3, 4), (0, 4), (0, 2), (0, 1), (5, 6), (3, 6), (1, 6), (0, 6), (1, 2), (2, 3), (0, 5), (1, 3), (1, 5), (4, 5)],
        "escaped": [0, 6, 5, 4, 3, 2, 1],
    },
{
        "no": 10,
        "input": [[[3, 85, 58, 44, 89, 14, 58, 94, 31, 44, 42, 50, 102, 90, 63, 80, 41, 94, 36, 44], [85, 5, 67, 64, 10, 72, 30, 20, 70, 60, 78, 72, 22, 22, 53, 40, 70, 10, 84, 41], [58, 67, 8, 14, 76, 56, 60, 85, 72, 76, 20, 10, 89, 56, 14, 36, 80, 72, 30, 50], [44, 64, 14, 2, 72, 42, 50, 80, 58, 63, 14, 10, 86, 58, 20, 41, 67, 70, 22, 40], [89, 10, 76, 72, 5, 76, 31, 10, 70, 60, 86, 80, 14, 31, 63, 50, 70, 14, 92, 44], [14, 72, 56, 42, 76, 3, 44, 80, 20, 31, 44, 50, 89, 80, 58, 72, 30, 82, 41, 31], [58, 30, 60, 50, 31, 44, 7, 36, 40, 31, 63, 60, 44, 44, 50, 50, 41, 40, 67, 14], [94, 20, 85, 80, 10, 80, 36, 9, 72, 60, 94, 89, 10, 41, 72, 60, 70, 22, 100, 50], [31, 70, 72, 58, 70, 20, 40, 72, 2, 14, 63, 67, 82, 82, 70, 80, 10, 80, 60, 31], [44, 60, 76, 63, 60, 31, 31, 60, 14, 5, 70, 72, 70, 76, 72, 78, 10, 70, 70, 28], [42, 78, 20, 14, 86, 44, 63, 94, 63, 70, 4, 10, 100, 72, 31, 53, 72, 84, 10, 50], [50, 72, 10, 10, 80, 50, 60, 89, 67, 72, 10, 9, 94, 64, 22, 44, 76, 78, 20, 50], [102, 22, 89, 86, 14, 89, 44, 10, 82, 70, 100, 94, 1, 40, 76, 60, 80, 20, 106, 58], [90, 22, 56, 58, 31, 80, 44, 41, 82, 76, 72, 64, 40, 6, 42, 22, 85, 20, 80, 50], [63, 53, 14, 20, 63, 58, 50, 72, 70, 72, 31, 22, 76, 42, 8, 22, 78, 58, 41, 44], [80, 40, 36, 41, 50, 72, 50, 60, 80, 78, 53, 44, 60, 22, 22, 3, 86, 41, 63, 50], [41, 70, 80, 67, 70, 30, 41, 70, 10, 10, 72, 76, 80, 85, 78, 86, 4, 80, 70, 36], [94, 10, 72, 70, 14, 82, 40, 22, 80, 70, 84, 78, 20, 20, 58, 41, 80, 4, 92, 50], [36, 84, 30, 22, 92, 41, 67, 100, 60, 70, 10, 20, 106, 80, 41, 63, 70, 92, 9, 53], [44, 41, 50, 40, 44, 31, 14, 50, 31, 28, 50, 50, 58, 50, 44, 50, 36, 50, 53, 6]], 819],
        "answer": 103,
        "rooms": [[0, 6, 3], [8, 3, 5], [5, 9, 8], [4, 8, 2], [8, 2, 5], [1, 5, 3], [5, 3, 7], [8, 1, 9], [1, 3, 2], [2, 2, 5], [3, 9, 4], [4, 9, 9], [9, 1, 1], [9, 5, 6], [6, 8, 8], [8, 7, 3], [1, 2, 4], [9, 3, 4], [2, 9, 9], [4, 4, 6]],
        "paths": [(6, 18), (9, 13), (17, 18), (14, 15), (13, 18), (10, 18), (2, 18), (0, 10), (8, 14), (5, 6), (9, 11), (8, 17), (4, 8), (1, 9), (11, 19), (11, 13), (12, 16), (8, 10), (13, 19), (4, 17), (13, 14), (2, 6), (5, 18), (12, 13), (2, 5), (6, 15), (6, 7), (7, 18), (9, 18), (15, 17), (7, 16), (3, 7), (7, 13), (3, 12), (4, 14), (3, 14), (1, 6), (4, 6), (3, 4), (4, 9), (0, 14), (5, 12), (8, 9), (0, 2), (10, 19), (8, 16), (11, 14), (8, 19), (16, 17), (17, 19), (4, 11), (4, 12), (9, 17), (16, 19), (11, 18), (12, 15), (2, 10), (6, 16), (5, 11), (1, 19), (5, 16), (5, 17), (1, 13), (1, 5), (3, 15), (4, 16), (2, 19), (10, 14), (9, 12), (16, 18), (14, 19), (8, 13), (3, 9), (10, 13), (6, 9), (0, 13), (2, 7), (6, 17), (5, 14), (5, 7), (14, 17), (6, 10), (0, 19), (0, 15), (13, 17), (1, 8), (15, 16), (12, 14), (6, 19), (2, 15), (6, 11), (1, 4), (3, 8), (0, 9), (3, 6), (5, 19), (0, 4), (0, 5), (6, 8), (6, 13), (2, 16), (0, 3), (7, 11), (10, 11), (9, 19), (11, 12), (4, 18), (14, 16), (15, 19), (0, 6), (2, 14), (1, 15), (9, 15), (3, 11), (0, 16), (11, 17), (0, 17), (7, 10), (3, 10), (8, 11), (5, 15), (7, 8), (9, 14), (0, 7), (4, 5), (7, 12), (1, 3), (18, 19), (9, 16), (1, 10), (1, 16), (7, 19), (0, 8), (12, 17), (2, 4), (2, 12), (5, 13), (2, 9), (9, 10), (5, 9), (7, 15), (10, 16), (6, 14), (8, 15), (0, 12), (14, 18), (3, 16), (4, 15), (12, 18), (2, 13), (12, 19), (2, 17), (0, 11), (10, 15), (11, 16), (7, 14), (2, 3), (3, 5), (4, 19), (7, 9), (10, 17), (3, 17), (4, 7), (11, 15), (2, 8), (1, 11), (0, 1), (5, 8), (8, 18), (1, 18), (10, 12), (8, 12), (1, 12), (6, 12), (3, 18), (4, 13), (1, 7), (13, 15), (1, 14), (0, 18), (1, 2), (2, 11), (7, 17), (3, 13), (1, 17), (5, 10), (13, 16), (3, 19), (15, 18), (4, 10)],
        "escaped": [0, 19, 18, 17, 16, 15, 14, 13, 12, 11, 10, 9, 8, 7, 6, 5, 4, 1, 3, 2],
    },
{
        "no": 11,
        "input": [[[1, 76, 60, 50, 50, 28, 44, 10, 89, 50], [76, 9, 22, 80, 28, 50, 50, 67, 14, 30], [60, 22, 1, 58, 10, 41, 50, 50, 36, 28], [50, 80, 58, 2, 53, 60, 80, 44, 94, 70], [50, 28, 10, 53, 9, 31, 42, 41, 42, 22], [28, 50, 41, 60, 31, 4, 20, 22, 63, 22], [44, 50, 50, 80, 42, 20, 5, 41, 60, 22], [10, 67, 50, 44, 41, 22, 41, 5, 80, 42], [89, 14, 36, 94, 42, 63, 60, 80, 3, 41], [50, 30, 28, 70, 22, 22, 22, 42, 41, 3]], 183],
        "answer": 42,
        "rooms": [[0, 5, 1], [7, 8, 9], [6, 6, 1], [3, 1, 2], [5, 6, 9], [2, 7, 4], [2, 9, 5], [1, 5, 5], [8, 9, 3], [4, 8, 3]],
        "paths": [(1, 5), (2, 9), (0, 2), (5, 9), (0, 5), (3, 7), (1, 6), (1, 8), (3, 6), (7, 9), (0, 8), (0, 9), (4, 6), (2, 3), (3, 8), (7, 8), (2, 4), (4, 8), (2, 7), (0, 3), (4, 9), (5, 7), (4, 7), (0, 1), (1, 2), (6, 9), (3, 4), (6, 8), (2, 8), (6, 7), (4, 5), (2, 6), (0, 4), (8, 9), (1, 7), (0, 7), (5, 8), (3, 9), (5, 6), (0, 6), (1, 4), (2, 5), (1, 9), (1, 3), (3, 5)],
        "escaped": [0, 9, 8, 7, 6, 5, 4, 2, 1, 3],
    },
{
        "no": 12,
        "input": [[[2, 50], [50, 1]], 546],
        "answer": 3,
        "rooms": [[0, 5, 2], [4, 2, 1]],
        "paths": [(0, 1)],
        "escaped": [0, 1],
    },
{
        "no": 13,
        "input": [[[5, 60, 80, 102, 76, 22, 44, 50, 85, 90, 41, 53, 80, 31, 58, 63, 50], [60, 1, 20, 50, 41, 44, 36, 44, 44, 31, 20, 31, 31, 53, 50, 10, 42], [80, 20, 6, 41, 41, 63, 50, 56, 40, 14, 40, 42, 31, 72, 64, 22, 58], [102, 50, 41, 7, 82, 92, 86, 94, 80, 50, 64, 80, 22, 82, 60, 42, 60], [76, 41, 41, 82, 7, 53, 31, 30, 10, 36, 50, 22, 70, 84, 89, 50, 80], [22, 44, 63, 92, 53, 2, 22, 28, 63, 70, 28, 31, 70, 41, 60, 50, 50], [44, 36, 50, 86, 31, 22, 6, 10, 41, 53, 30, 10, 67, 58, 70, 44, 60], [50, 44, 56, 94, 30, 28, 10, 6, 40, 58, 40, 14, 76, 67, 80, 53, 70], [85, 44, 40, 80, 10, 63, 41, 40, 3, 31, 56, 31, 70, 92, 94, 53, 86], [90, 31, 14, 50, 36, 70, 53, 58, 31, 8, 50, 44, 44, 85, 78, 36, 72], [41, 20, 40, 64, 50, 28, 30, 40, 56, 50, 5, 31, 42, 36, 41, 22, 31], [53, 31, 42, 80, 22, 31, 10, 14, 31, 44, 31, 5, 63, 64, 72, 41, 63], [80, 31, 31, 22, 70, 70, 67, 76, 70, 44, 42, 63, 9, 60, 41, 22, 40], [31, 53, 72, 82, 84, 41, 58, 67, 92, 85, 36, 64, 60, 5, 28, 50, 22], [58, 50, 64, 60, 89, 60, 70, 80, 94, 78, 41, 72, 41, 28, 5, 42, 10], [63, 10, 22, 42, 50, 50, 44, 53, 53, 36, 22, 41, 22, 50, 42, 8, 36], [50, 42, 58, 60, 80, 50, 60, 70, 86, 72, 31, 63, 40, 22, 10, 36, 5]], 835],
        "answer": 93,
        "rooms": [[0, 4, 5], [6, 5, 1], [8, 5, 6], [9, 9, 7], [7, 1, 7], [2, 3, 2], [4, 2, 6], [4, 1, 6], [8, 1, 3], [9, 4, 8], [4, 5, 5], [5, 2, 5], [7, 8, 9], [1, 7, 5], [3, 9, 5], [6, 6, 8], [3, 8, 5]],
        "paths": [(3, 6), (11, 12), (2, 8), (5, 6), (4, 16), (12, 15), (0, 12), (0, 1), (1, 12), (1, 4), (2, 10), (11, 15), (7, 13), (7, 15), (1, 13), (6, 13), (7, 14), (6, 7), (9, 13), (8, 10), (9, 12), (3, 10), (3, 15), (3, 9), (8, 11), (2, 4), (2, 6), (2, 3), (7, 9), (4, 14), (1, 7), (1, 14), (0, 14), (10, 13), (0, 16), (6, 8), (10, 15), (0, 3), (7, 11), (0, 8), (3, 11), (5, 9), (3, 4), (0, 6), (8, 16), (6, 10), (2, 9), (0, 10), (4, 7), (8, 12), (11, 13), (12, 16), (0, 2), (10, 16), (3, 13), (11, 16), (1, 15), (6, 15), (1, 11), (0, 11), (2, 15), (4, 6), (2, 5), (5, 13), (2, 7), (8, 14), (8, 9), (5, 16), (1, 10), (0, 13), (3, 16), (10, 11), (7, 16), (4, 9), (6, 9), (13, 16), (4, 15), (9, 15), (2, 12), (0, 15), (8, 13), (4, 12), (10, 12), (6, 11), (5, 8), (15, 16), (3, 14), (5, 12), (14, 15), (2, 13), (2, 14), (1, 8), (13, 15), (4, 13), (1, 5), (12, 13), (11, 14), (4, 8), (3, 8), (9, 14), (0, 9), (1, 16), (6, 12), (7, 8), (1, 2), (5, 10), (6, 16), (3, 12), (12, 14), (4, 11), (0, 4), (13, 14), (9, 16), (9, 10), (1, 6), (5, 11), (2, 16), (5, 15), (0, 5), (1, 9), (0, 7), (9, 11), (14, 16), (2, 11), (5, 14), (3, 7), (4, 5), (7, 10), (5, 7), (4, 10), (1, 3), (7, 12), (10, 14), (8, 15), (3, 5), (6, 14)],
        "escaped": [0, 16, 15, 14, 13, 12, 11, 10, 9, 8, 7, 6, 5, 4, 3, 2, 1],
    },
{
        "no": 14,
        "input": [[[4, 85, 22, 70, 56, 44, 90, 53, 72, 72, 63, 89, 70, 58], [85, 3, 70, 41, 41, 60, 41, 31, 14, 72, 67, 10, 31, 53], [22, 70, 2, 67, 36, 22, 85, 40, 60, 50, 41, 72, 63, 36], [70, 41, 67, 5, 58, 70, 20, 36, 30, 94, 86, 50, 10, 72], [56, 41, 36, 58, 7, 20, 70, 22, 36, 36, 28, 40, 50, 14], [44, 60, 22, 70, 20, 2, 86, 36, 53, 30, 20, 60, 64, 14], [90, 41, 85, 20, 70, 86, 2, 50, 36, 106, 98, 50, 22, 84], [53, 31, 40, 36, 22, 36, 50, 6, 20, 58, 50, 36, 28, 36], [72, 14, 60, 30, 36, 53, 36, 20, 2, 70, 64, 22, 20, 50], [72, 72, 50, 94, 36, 30, 106, 58, 70, 6, 10, 67, 86, 22], [63, 67, 41, 86, 28, 20, 98, 50, 64, 10, 5, 63, 78, 14], [89, 10, 72, 50, 40, 60, 50, 36, 22, 67, 63, 1, 41, 50], [70, 31, 63, 10, 50, 64, 22, 28, 20, 86, 78, 41, 4, 64], [58, 53, 36, 72, 14, 14, 84, 36, 50, 22, 14, 50, 64, 7]], 389],
        "answer": 56,
        "rooms": [[0, 8, 4], [8, 5, 3], [1, 6, 2], [7, 9, 5], [4, 4, 7], [2, 4, 2], [9, 9, 2], [5, 6, 6], [7, 6, 2], [2, 1, 6], [2, 2, 5], [8, 4, 1], [7, 8, 4], [3, 3, 7]],
        "paths": [(2, 10), (1, 13), (0, 5), (4, 10), (2, 3), (4, 9), (5, 6), (4, 5), (6, 10), (3, 11), (8, 13), (6, 11), (3, 5), (8, 10), (1, 3), (6, 12), (2, 12), (3, 4), (1, 7), (4, 12), (3, 7), (7, 11), (3, 8), (9, 13), (4, 11), (4, 6), (1, 12), (2, 8), (1, 2), (0, 10), (0, 3), (8, 11), (1, 11), (3, 13), (0, 11), (2, 5), (1, 5), (3, 12), (7, 8), (0, 1), (3, 9), (3, 6), (1, 10), (11, 12), (12, 13), (1, 4), (1, 6), (7, 10), (7, 12), (10, 11), (10, 12), (0, 9), (5, 7), (1, 9), (9, 11), (6, 9), (2, 11), (5, 8), (7, 13), (0, 7), (0, 6), (4, 8), (8, 12), (10, 13), (1, 8), (5, 12), (5, 11), (0, 12), (6, 7), (6, 13), (4, 13), (9, 12), (7, 9), (8, 9), (0, 8), (5, 9), (2, 13), (2, 4), (2, 9), (5, 13), (0, 2), (2, 7), (5, 10), (2, 6), (11, 13), (9, 10), (6, 8), (0, 4), (3, 10), (4, 7), (0, 13)],
        "escaped": [0, 13, 12, 11, 10, 9, 8, 7, 6, 5, 4, 2, 3, 1],
    },
{
        "no": 15,
        "input": [[[6, 22, 10, 63, 82, 36, 80, 31], [22, 1, 14, 41, 67, 14, 58, 22], [10, 14, 3, 53, 72, 28, 72, 30], [63, 41, 53, 7, 44, 30, 22, 50], [82, 67, 72, 44, 6, 64, 60, 86], [36, 14, 28, 30, 64, 2, 44, 22], [80, 58, 72, 22, 60, 44, 8, 60], [31, 22, 30, 50, 86, 22, 60, 3]], 478],
        "answer": 36,
        "rooms": [[0, 5, 6], [2, 6, 1], [1, 5, 3], [6, 7, 7], [8, 3, 6], [3, 7, 2], [7, 9, 8], [1, 8, 3]],
        "paths": [(0, 3), (2, 7), (0, 7), (1, 7), (3, 4), (3, 6), (6, 7), (2, 3), (4, 6), (2, 5), (1, 4), (3, 7), (4, 7), (1, 3), (0, 5), (2, 4), (5, 6), (0, 2), (1, 2), (0, 6), (0, 4), (5, 7), (3, 5), (4, 5), (0, 1), (1, 6), (1, 5), (2, 6)],
        "escaped": [0, 7, 6, 5, 4, 3, 2, 1],
    },
{
        "no": 16,
        "input": [[[1, 90, 72, 22], [90, 7, 28, 82], [72, 28, 1, 60], [22, 82, 60, 9]], 743],
        "answer": 18,
        "rooms": [[0, 8, 1], [9, 8, 7], [7, 6, 1], [1, 6, 9]],
        "paths": [(0, 2), (1, 3), (1, 2), (0, 1), (0, 3), (2, 3)],
        "escaped": [0, 3, 2, 1],
    },
{
        "no": 17,
        "input": [[[1, 31, 94, 41, 72, 63, 41, 14, 80, 100, 70, 70, 92, 80, 58, 28, 84, 70], [31, 6, 80, 50, 60, 50, 36, 20, 60, 76, 44, 72, 80, 72, 28, 14, 58, 67], [94, 80, 6, 64, 22, 31, 53, 82, 22, 31, 44, 44, 10, 22, 63, 70, 42, 36], [41, 50, 64, 1, 42, 36, 20, 36, 58, 80, 60, 30, 58, 44, 60, 36, 72, 31], [72, 60, 22, 42, 3, 10, 31, 60, 20, 41, 36, 30, 20, 14, 50, 50, 41, 20], [63, 50, 31, 36, 10, 7, 22, 50, 22, 44, 31, 31, 30, 22, 42, 40, 40, 22], [41, 36, 53, 20, 31, 22, 4, 30, 42, 64, 41, 36, 50, 40, 41, 22, 53, 31], [14, 20, 82, 36, 60, 50, 30, 3, 67, 86, 56, 63, 80, 70, 44, 14, 70, 60], [80, 60, 22, 58, 20, 22, 42, 67, 3, 22, 22, 50, 28, 31, 41, 53, 22, 40], [100, 76, 31, 80, 41, 44, 64, 86, 22, 4, 31, 70, 41, 50, 50, 72, 20, 60], [70, 44, 44, 60, 36, 31, 41, 56, 22, 31, 8, 63, 50, 50, 20, 42, 14, 53], [70, 72, 44, 30, 30, 31, 36, 63, 50, 70, 63, 6, 36, 22, 72, 58, 70, 10], [92, 80, 10, 58, 20, 30, 50, 80, 28, 41, 50, 36, 6, 14, 67, 70, 50, 28], [80, 72, 22, 44, 14, 22, 40, 70, 31, 50, 50, 22, 14, 3, 64, 60, 53, 14], [58, 28, 63, 60, 50, 42, 41, 44, 41, 50, 20, 72, 67, 64, 1, 31, 31, 64], [28, 14, 70, 36, 50, 40, 22, 14, 53, 72, 42, 58, 70, 60, 31, 4, 56, 53], [84, 58, 42, 72, 41, 40, 53, 70, 22, 20, 14, 70, 50, 53, 31, 56, 8, 60], [70, 67, 36, 31, 20, 22, 31, 60, 40, 60, 53, 10, 28, 14, 64, 53, 60, 6]], 972],
        "answer": 80,
        "rooms": [[0, 2, 1], [1, 5, 6], [9, 5, 6], [4, 1, 1], [7, 4, 3], [6, 4, 7], [4, 3, 4], [1, 3, 3], [7, 6, 3], [8, 8, 4], [5, 7, 8], [7, 1, 6], [9, 4, 6], [8, 3, 3], [3, 7, 1], [2, 4, 4], [6, 8, 8], [7, 2, 6]],
        "paths": [(5, 17), (5, 10), (3, 17), (9, 17), (2, 7), (3, 4), (2, 15), (4, 7), (13, 15), (14, 17), (1, 2), (0, 14), (1, 12), (0, 9), (6, 14), (4, 9), (5, 14), (2, 16), (7, 11), (3, 12), (9, 12), (7, 9), (4, 8), (1, 6), (1, 15), (2, 9), (0, 16), (0, 13), (7, 13), (2, 11), (8, 16), (0, 4), (0, 6), (3, 6), (5, 9), (8, 17), (6, 10), (0, 5), (5, 15), (13, 14), (9, 10), (1, 16), (0, 15), (7, 10), (0, 8), (8, 10), (10, 13), (2, 8), (9, 14), (15, 16), (10, 17), (0, 10), (12, 17), (12, 14), (0, 1), (11, 13), (0, 12), (0, 2), (9, 11), (10, 15), (10, 14), (14, 15), (6, 11), (6, 16), (3, 10), (9, 15), (3, 7), (6, 13), (10, 12), (4, 6), (2, 6), (5, 16), (13, 17), (2, 14), (2, 12), (11, 12), (3, 16), (4, 12), (11, 14), (7, 17), (8, 13), (3, 5), (1, 7), (5, 6), (13, 16), (5, 13), (1, 13), (4, 16), (12, 13), (1, 9), (5, 7), (5, 8), (4, 14), (10, 16), (6, 17), (4, 17), (9, 16), (1, 5), (11, 16), (14, 16), (1, 3), (4, 11), (7, 8), (15, 17), (6, 12), (6, 9), (3, 15), (5, 11), (10, 11), (8, 15), (3, 9), (11, 15), (2, 13), (8, 9), (2, 4), (11, 17), (1, 8), (8, 12), (2, 17), (7, 16), (3, 8), (1, 14), (12, 15), (6, 15), (3, 11), (3, 13), (7, 14), (0, 11), (2, 5), (4, 10), (1, 10), (7, 12), (0, 3), (4, 13), (8, 14), (0, 17), (6, 8), (2, 10), (8, 11), (1, 17), (5, 12), (1, 11), (0, 7), (12, 16), (4, 15), (4, 5), (7, 15), (9, 13), (16, 17), (2, 3), (6, 7), (3, 14), (1, 4)],
        "escaped": [0, 17, 16, 15, 14, 13, 12, 11, 10, 9, 8, 7, 6, 5, 4, 3, 2, 1],
    },
{
        "no": 18,
        "input": [[[7, 22, 53, 41, 92, 98, 72, 50, 67, 76, 10, 80, 67, 89, 58, 100, 70, 108, 60, 94], [22, 6, 31, 20, 70, 86, 50, 60, 56, 64, 14, 60, 70, 78, 60, 92, 53, 98, 44, 80], [53, 31, 8, 14, 40, 72, 20, 80, 50, 53, 44, 36, 82, 67, 72, 85, 36, 89, 31, 64], [41, 20, 14, 3, 50, 70, 31, 67, 44, 50, 31, 41, 70, 64, 60, 80, 36, 86, 28, 64], [92, 70, 40, 50, 8, 60, 20, 106, 58, 53, 82, 22, 100, 60, 92, 80, 36, 80, 42, 50], [98, 86, 72, 70, 60, 7, 63, 80, 31, 22, 89, 41, 63, 10, 60, 22, 36, 20, 42, 10], [72, 50, 20, 31, 20, 63, 2, 92, 50, 50, 63, 22, 89, 60, 80, 80, 30, 82, 31, 53], [50, 60, 80, 67, 106, 80, 92, 4, 53, 63, 50, 86, 22, 70, 20, 70, 72, 80, 64, 82], [67, 56, 50, 44, 58, 31, 50, 53, 1, 10, 58, 36, 42, 22, 36, 36, 22, 42, 20, 30], [76, 64, 53, 50, 53, 22, 50, 63, 10, 7, 67, 31, 50, 14, 44, 31, 20, 36, 22, 20], [10, 14, 44, 31, 82, 89, 63, 50, 58, 67, 2, 70, 63, 80, 53, 92, 60, 100, 50, 85], [80, 60, 36, 41, 22, 41, 22, 86, 36, 31, 70, 1, 78, 40, 70, 60, 14, 60, 22, 31], [67, 70, 82, 70, 100, 63, 89, 22, 42, 50, 63, 78, 4, 53, 10, 50, 64, 60, 58, 67], [89, 78, 67, 64, 60, 10, 60, 70, 22, 14, 80, 40, 53, 5, 50, 20, 31, 22, 36, 14], [58, 60, 72, 60, 92, 60, 80, 20, 36, 44, 53, 70, 10, 50, 8, 50, 56, 60, 50, 63], [100, 92, 85, 80, 80, 22, 80, 70, 36, 31, 92, 60, 50, 20, 50, 2, 50, 10, 53, 31], [70, 53, 36, 36, 36, 36, 30, 72, 22, 20, 60, 14, 64, 31, 56, 50, 5, 53, 10, 28], [108, 98, 89, 86, 80, 20, 82, 80, 42, 36, 100, 60, 60, 22, 60, 10, 53, 6, 58, 30], [60, 44, 31, 28, 42, 42, 31, 64, 20, 22, 50, 22, 58, 36, 50, 53, 10, 58, 7, 36], [94, 80, 64, 64, 50, 10, 53, 82, 30, 20, 85, 31, 67, 14, 63, 31, 28, 30, 36, 7]], 15],
        "answer": 9,
        "rooms": [[0, 7, 7], [2, 8, 6], [5, 9, 8], [4, 8, 3], [9, 9, 8], [9, 3, 7], [7, 9, 2], [1, 2, 4], [6, 4, 1], [7, 4, 7], [1, 7, 2], [8, 7, 1], [3, 1, 4], [8, 3, 5], [3, 2, 8], [8, 1, 2], [7, 6, 5], [9, 1, 6], [6, 6, 7], [9, 4, 7]],
        "paths": [(2, 13), (0, 13), (14, 16), (1, 5), (8, 17), (16, 19), (7, 9), (1, 13), (8, 16), (10, 13), (0, 10), (7, 18), (9, 17), (9, 11), (1, 17), (4, 16), (11, 17), (17, 18), (8, 13), (0, 2), (15, 16), (14, 18), (3, 7), (1, 6), (1, 7), (12, 15), (3, 18), (3, 6), (1, 15), (2, 8), (2, 4), (3, 19), (6, 10), (8, 18), (11, 13), (14, 17), (8, 11), (1, 8), (5, 18), (13, 18), (10, 12), (2, 18), (6, 19), (5, 11), (5, 19), (15, 18), (4, 5), (9, 18), (2, 12), (7, 12), (9, 19), (0, 5), (11, 19), (2, 9), (6, 16), (7, 14), (9, 15), (3, 5), (12, 14), (13, 17), (10, 17), (0, 16), (10, 11), (10, 15), (3, 16), (6, 11), (5, 10), (5, 13), (17, 19), (7, 13), (3, 11), (9, 14), (5, 7), (5, 15), (2, 5), (4, 12), (9, 13), (13, 16), (14, 19), (4, 8), (0, 11), (14, 15), (2, 6), (16, 17), (7, 17), (10, 16), (10, 14), (1, 12), (0, 15), (4, 15), (5, 6), (10, 19), (0, 14), (1, 3), (7, 15), (4, 17), (6, 12), (3, 17), (5, 17), (15, 17), (3, 14), (0, 7), (3, 13), (2, 19), (16, 18), (4, 9), (2, 11), (5, 12), (3, 12), (2, 14), (8, 12), (11, 12), (9, 16), (8, 15), (4, 7), (4, 19), (8, 9), (0, 6), (6, 14), (6, 18), (2, 10), (3, 8), (15, 19), (4, 13), (2, 16), (2, 17), (2, 7), (0, 8), (1, 2), (7, 8), (0, 3), (1, 16), (0, 17), (4, 18), (12, 17), (5, 8), (3, 9), (0, 12), (1, 14), (10, 18), (3, 10), (6, 15), (8, 14), (0, 4), (5, 16), (2, 15), (2, 3), (12, 13), (0, 18), (1, 10), (6, 9), (13, 14), (12, 18), (4, 11), (6, 7), (13, 19), (4, 10), (7, 16), (12, 16), (1, 11), (3, 4), (0, 1), (6, 17), (18, 19), (9, 12), (11, 18), (6, 8), (7, 19), (5, 14), (13, 15), (8, 10), (1, 9), (11, 16), (4, 6), (8, 19), (1, 19), (12, 19), (1, 4), (9, 10), (11, 15), (7, 11), (0, 19), (7, 10), (3, 15), (11, 14), (4, 14), (1, 18), (5, 9), (0, 9), (6, 13)],
        "escaped": [0, 10],
    },
{
        "no": 19,
        "input": [[[8, 90, 63, 89, 22, 36, 92, 86, 82, 44, 50, 44, 94, 14, 14, 98, 67], [90, 9, 42, 31, 72, 80, 10, 44, 14, 58, 64, 76, 41, 82, 80, 30, 36], [63, 42, 6, 63, 41, 41, 50, 70, 44, 20, 22, 72, 72, 50, 58, 67, 50], [89, 31, 63, 2, 78, 92, 22, 14, 20, 72, 80, 60, 10, 86, 76, 10, 22], [22, 72, 41, 78, 8, 20, 76, 78, 67, 22, 28, 50, 84, 10, 22, 86, 56], [36, 80, 41, 92, 20, 8, 86, 94, 78, 22, 20, 70, 100, 22, 41, 98, 72], [92, 10, 50, 22, 76, 86, 4, 36, 10, 64, 70, 72, 31, 85, 80, 20, 31], [86, 44, 70, 14, 78, 94, 36, 7, 31, 76, 85, 50, 10, 84, 72, 22, 22], [82, 14, 44, 20, 67, 78, 10, 31, 3, 56, 64, 63, 30, 76, 70, 22, 22], [44, 58, 20, 72, 22, 22, 64, 76, 56, 6, 10, 63, 80, 31, 42, 78, 53], [50, 64, 22, 80, 28, 20, 70, 85, 64, 10, 2, 72, 89, 36, 50, 86, 63], [44, 76, 72, 60, 50, 70, 72, 50, 63, 63, 72, 8, 60, 50, 31, 70, 41], [94, 41, 72, 10, 84, 100, 31, 10, 30, 80, 89, 60, 7, 92, 80, 14, 28], [14, 82, 50, 86, 10, 22, 85, 84, 76, 31, 36, 50, 92, 3, 20, 94, 64], [14, 80, 58, 76, 22, 41, 80, 72, 70, 42, 50, 31, 80, 20, 5, 85, 53], [98, 30, 67, 10, 86, 98, 20, 22, 22, 78, 86, 70, 14, 94, 85, 3, 31], [67, 36, 50, 22, 56, 72, 31, 22, 22, 53, 63, 41, 28, 64, 53, 31, 7]], 401],
        "answer": 96,
        "rooms": [[0, 4, 8], [9, 5, 9], [6, 2, 6], [8, 8, 2], [2, 3, 8], [2, 1, 8], [9, 6, 4], [7, 9, 7], [8, 6, 3], [4, 2, 6], [4, 1, 2], [2, 8, 8], [8, 9, 7], [1, 3, 3], [1, 5, 5], [9, 8, 3], [6, 7, 7]],
        "paths": [(6, 11), (3, 15), (1, 7), (8, 14), (10, 13), (9, 12), (0, 4), (2, 8), (10, 16), (4, 7), (4, 8), (4, 14), (3, 6), (12, 15), (2, 12), (5, 16), (0, 8), (1, 6), (10, 15), (3, 4), (0, 15), (1, 8), (6, 13), (1, 9), (0, 13), (1, 3), (2, 15), (5, 6), (1, 16), (5, 14), (11, 16), (5, 9), (4, 11), (8, 11), (3, 10), (3, 12), (13, 15), (14, 15), (0, 9), (7, 16), (6, 9), (4, 12), (0, 1), (0, 14), (8, 16), (8, 10), (3, 5), (12, 14), (11, 12), (6, 12), (5, 7), (6, 10), (4, 10), (0, 3), (2, 5), (10, 11), (1, 5), (4, 6), (5, 12), (3, 14), (8, 13), (5, 11), (2, 7), (3, 13), (2, 16), (3, 9), (7, 11), (6, 15), (2, 6), (2, 10), (0, 11), (2, 14), (1, 15), (6, 14), (5, 8), (7, 15), (0, 7), (0, 10), (6, 16), (0, 12), (10, 12), (9, 13), (0, 16), (7, 9), (2, 3), (3, 8), (0, 2), (1, 13), (4, 9), (13, 14), (7, 10), (3, 11), (1, 4), (0, 6), (7, 13), (4, 15), (12, 16), (7, 12), (1, 10), (1, 11), (4, 13), (7, 14), (1, 2), (8, 15), (9, 10), (10, 14), (5, 15), (13, 16), (2, 9), (2, 4), (14, 16), (1, 14), (7, 8), (12, 13), (15, 16), (9, 15), (9, 14), (0, 5), (8, 12), (2, 13), (9, 16), (11, 13), (9, 11), (4, 5), (1, 12), (8, 9), (5, 13), (2, 11), (6, 7), (6, 8), (3, 7), (5, 10), (4, 16), (11, 15), (3, 16), (11, 14)],
        "escaped": [0, 16, 15, 14, 13, 12, 11, 10, 9, 8, 7, 6, 3, 1, 4, 2, 5],
    },
{
        "no": 20,
        "input": [[[7, 80, 44, 60, 72, 102, 106, 98, 90, 86, 10, 50, 92, 50], [80, 5, 36, 72, 20, 53, 40, 30, 78, 36, 76, 70, 20, 60], [44, 36, 4, 56, 30, 70, 67, 58, 76, 50, 41, 50, 50, 42], [60, 72, 56, 4, 80, 58, 72, 70, 31, 50, 50, 10, 70, 14], [72, 20, 30, 80, 4, 72, 60, 50, 92, 53, 70, 76, 40, 67], [102, 53, 70, 58, 72, 4, 22, 28, 40, 20, 94, 64, 36, 56], [106, 40, 67, 72, 60, 22, 2, 10, 60, 22, 98, 76, 20, 67], [98, 30, 58, 70, 50, 28, 10, 2, 63, 20, 92, 72, 10, 63], [90, 78, 76, 31, 92, 40, 60, 63, 3, 44, 80, 41, 67, 40], [86, 36, 50, 50, 53, 20, 22, 20, 44, 5, 78, 53, 22, 44], [10, 76, 41, 50, 70, 94, 98, 92, 80, 78, 8, 40, 86, 41], [50, 70, 50, 10, 76, 64, 76, 72, 41, 53, 40, 4, 70, 10], [92, 20, 50, 70, 40, 36, 20, 10, 67, 22, 86, 70, 5, 60], [50, 60, 42, 14, 67, 56, 67, 63, 40, 44, 41, 10, 60, 5]], 820],
        "answer": 62,
        "rooms": [[0, 2, 7], [4, 9, 5], [2, 6, 4], [6, 2, 4], [2, 9, 4], [9, 7, 4], [8, 9, 2], [7, 9, 2], [9, 3, 3], [7, 7, 5], [1, 2, 8], [5, 2, 4], [6, 9, 5], [5, 3, 5]],
        "paths": [(2, 12), (5, 13), (2, 8), (6, 7), (5, 8), (8, 13), (12, 13), (7, 12), (4, 9), (1, 2), (3, 11), (10, 11), (1, 13), (3, 5), (4, 13), (6, 8), (4, 7), (9, 10), (1, 11), (2, 13), (3, 10), (5, 12), (6, 11), (7, 9), (5, 9), (0, 3), (4, 12), (1, 3), (8, 9), (4, 8), (11, 12), (0, 4), (2, 5), (10, 12), (3, 8), (4, 11), (3, 13), (5, 6), (7, 13), (3, 9), (8, 12), (2, 11), (8, 10), (1, 7), (2, 9), (1, 4), (1, 6), (9, 12), (4, 6), (10, 13), (1, 9), (2, 10), (7, 8), (3, 4), (8, 11), (0, 7), (1, 12), (0, 11), (3, 12), (7, 10), (5, 10), (0, 2), (0, 9), (0, 12), (6, 10), (4, 10), (5, 11), (11, 13), (0, 10), (1, 5), (0, 5), (2, 7), (3, 7), (1, 10), (6, 13), (6, 9), (9, 11), (7, 11), (0, 8), (5, 7), (1, 8), (2, 3), (0, 1), (0, 6), (6, 12), (2, 4), (9, 13), (3, 6), (0, 13), (2, 6), (4, 5)],
        "escaped": [0, 13, 12, 11, 10, 9, 8, 7, 6, 5, 4, 3, 2, 1],
    },
{
        "no": 21,
        "input": [[[4, 108, 80, 58, 64, 50, 80, 63, 70, 44, 60], [108, 9, 50, 50, 50, 64, 70, 70, 53, 64, 58], [80, 50, 1, 36, 56, 30, 20, 78, 10, 41, 20], [58, 50, 36, 2, 22, 20, 50, 42, 28, 14, 22], [64, 50, 56, 22, 9, 41, 72, 22, 50, 30, 44], [50, 64, 30, 20, 41, 8, 36, 58, 20, 14, 10], [80, 70, 20, 50, 72, 36, 8, 92, 22, 50, 28], [63, 70, 78, 42, 22, 58, 92, 8, 70, 44, 64], [70, 53, 10, 28, 50, 20, 22, 70, 9, 31, 10], [44, 64, 41, 14, 30, 14, 50, 44, 31, 3, 22], [60, 58, 20, 22, 44, 10, 28, 64, 10, 22, 7]], 862],
        "answer": 68,
        "rooms": [[0, 8, 4], [9, 2, 9], [8, 7, 1], [5, 5, 2], [4, 3, 9], [5, 7, 8], [8, 9, 8], [2, 2, 8], [7, 7, 9], [4, 6, 3], [6, 7, 7]],
        "paths": [(1, 9), (3, 8), (1, 7), (2, 6), (4, 5), (6, 10), (5, 6), (1, 10), (0, 4), (0, 10), (0, 2), (5, 10), (2, 10), (1, 2), (1, 6), (7, 9), (4, 6), (2, 8), (3, 10), (5, 9), (3, 5), (4, 8), (2, 5), (3, 7), (2, 7), (0, 8), (2, 3), (2, 4), (0, 1), (1, 5), (1, 8), (7, 10), (6, 8), (4, 9), (0, 6), (4, 7), (3, 4), (8, 9), (9, 10), (8, 10), (7, 8), (1, 4), (6, 9), (0, 3), (6, 7), (5, 7), (2, 9), (0, 9), (3, 9), (1, 3), (4, 10), (5, 8), (0, 5), (3, 6), (0, 7)],
        "escaped": [0, 10, 9, 8, 7, 6, 5, 4, 3, 2, 1],
    },
{
        "no": 22,
        "input": [[[1, 67, 108, 85, 14, 60, 31, 67, 22, 80, 90, 50, 60, 78], [67, 2, 60, 58, 72, 20, 50, 42, 44, 78, 84, 63, 76, 20], [108, 60, 6, 31, 106, 80, 78, 42, 89, 60, 60, 72, 76, 40], [85, 58, 31, 1, 80, 76, 53, 20, 70, 30, 31, 42, 44, 42], [14, 72, 106, 80, 6, 70, 28, 64, 30, 70, 80, 41, 50, 80], [60, 20, 80, 76, 70, 4, 53, 58, 40, 92, 100, 72, 86, 40], [31, 50, 78, 53, 28, 53, 4, 36, 22, 50, 60, 22, 36, 53], [67, 42, 42, 20, 64, 58, 36, 9, 50, 36, 42, 31, 40, 31], [22, 44, 89, 70, 30, 40, 22, 50, 9, 72, 82, 44, 58, 56], [80, 78, 60, 30, 70, 92, 50, 36, 72, 9, 10, 30, 22, 67], [90, 84, 60, 31, 80, 100, 60, 42, 82, 10, 7, 40, 31, 72], [50, 63, 72, 42, 41, 72, 22, 31, 44, 30, 40, 1, 14, 60], [60, 76, 76, 44, 50, 86, 36, 40, 58, 22, 31, 14, 8, 70], [78, 20, 40, 42, 80, 40, 53, 31, 56, 67, 72, 60, 70, 6]], 71],
        "answer": 44,
        "rooms": [[0, 3, 1], [3, 9, 2], [9, 9, 6], [8, 6, 1], [1, 2, 6], [1, 9, 4], [3, 4, 4], [6, 6, 9], [1, 5, 9], [8, 3, 9], [9, 3, 7], [5, 3, 1], [6, 2, 8], [5, 9, 6]],
        "paths": [(2, 7), (9, 10), (4, 12), (7, 9), (8, 9), (6, 8), (8, 10), (1, 12), (5, 6), (1, 8), (0, 1), (3, 11), (3, 4), (4, 6), (9, 13), (6, 10), (7, 10), (2, 10), (3, 6), (7, 13), (4, 9), (0, 13), (0, 3), (6, 11), (5, 10), (6, 9), (2, 8), (3, 8), (1, 13), (7, 11), (1, 9), (0, 2), (12, 13), (8, 11), (0, 6), (8, 12), (4, 5), (6, 13), (0, 4), (3, 7), (0, 10), (2, 5), (3, 5), (0, 9), (5, 8), (1, 6), (5, 11), (10, 11), (1, 7), (1, 3), (4, 13), (8, 13), (3, 12), (1, 10), (1, 4), (10, 12), (5, 13), (5, 9), (2, 13), (0, 7), (10, 13), (4, 10), (1, 2), (11, 13), (2, 12), (3, 9), (2, 6), (0, 12), (5, 12), (4, 11), (2, 11), (4, 7), (11, 12), (4, 8), (2, 4), (3, 10), (3, 13), (6, 7), (9, 12), (1, 11), (2, 3), (1, 5), (7, 8), (2, 9), (6, 12), (0, 11), (0, 8), (0, 5), (9, 11), (7, 12), (5, 7)],
        "escaped": [0, 12, 11, 8, 6, 5, 4, 1, 7],
    },
{
        "no": 23,
        "input": [[[2, 14, 80, 63, 22, 44, 80, 53, 67, 20, 63, 36, 36, 41, 28], [14, 5, 70, 70, 30, 50, 78, 50, 72, 14, 50, 22, 41, 30, 31], [80, 70, 6, 84, 72, 72, 41, 36, 78, 60, 28, 53, 67, 41, 63], [63, 70, 84, 5, 41, 20, 53, 50, 10, 60, 89, 80, 30, 72, 40], [22, 30, 72, 41, 4, 22, 63, 40, 44, 22, 64, 44, 14, 42, 10], [44, 50, 72, 20, 22, 9, 50, 36, 22, 40, 72, 60, 10, 53, 20], [80, 78, 41, 53, 63, 50, 8, 28, 44, 64, 60, 72, 50, 58, 53], [53, 50, 36, 50, 40, 36, 28, 8, 44, 36, 41, 44, 31, 31, 30], [67, 72, 78, 10, 44, 22, 44, 44, 1, 60, 85, 80, 31, 70, 41], [20, 14, 60, 60, 22, 40, 64, 36, 60, 5, 44, 22, 30, 22, 20], [63, 50, 28, 89, 64, 72, 60, 41, 85, 44, 2, 30, 64, 22, 56], [36, 22, 53, 80, 44, 60, 72, 44, 80, 22, 30, 9, 50, 14, 41], [36, 41, 67, 30, 14, 10, 50, 31, 31, 30, 64, 50, 7, 44, 10], [41, 30, 41, 72, 42, 53, 58, 31, 70, 22, 22, 14, 44, 3, 36], [28, 31, 63, 40, 10, 20, 53, 30, 41, 20, 56, 41, 10, 36, 9]], 101],
        "answer": 83,
        "rooms": [[0, 7, 2], [1, 8, 5], [8, 7, 6], [2, 1, 5], [1, 5, 4], [2, 3, 9], [7, 3, 8], [5, 5, 8], [3, 1, 1], [2, 7, 5], [6, 9, 2], [3, 9, 9], [2, 4, 7], [4, 8, 3], [2, 5, 9]],
        "paths": [(11, 13), (11, 12), (2, 8), (3, 5), (6, 13), (2, 13), (5, 11), (12, 13), (3, 9), (2, 4), (11, 14), (10, 12), (9, 11), (2, 9), (2, 10), (0, 8), (1, 3), (9, 14), (1, 13), (4, 10), (5, 8), (3, 7), (1, 9), (5, 10), (7, 8), (1, 2), (2, 14), (7, 10), (5, 12), (2, 12), (0, 3), (6, 9), (7, 12), (0, 1), (5, 7), (1, 4), (1, 5), (9, 13), (4, 9), (5, 9), (8, 11), (0, 7), (10, 11), (5, 6), (6, 8), (5, 14), (3, 6), (4, 7), (1, 10), (7, 9), (7, 13), (12, 14), (5, 13), (1, 14), (2, 6), (2, 7), (13, 14), (0, 9), (6, 7), (10, 14), (0, 11), (4, 5), (0, 6), (1, 8), (4, 12), (10, 13), (8, 14), (4, 8), (9, 12), (3, 8), (7, 11), (0, 14), (3, 4), (6, 10), (4, 11), (0, 2), (9, 10), (0, 12), (4, 6), (7, 14), (3, 12), (4, 13), (6, 12), (0, 10), (2, 11), (3, 13), (6, 14), (1, 6), (0, 13), (8, 10), (1, 12), (8, 12), (2, 3), (1, 11), (1, 7), (3, 10), (8, 9), (6, 11), (3, 14), (0, 4), (3, 11), (0, 5), (2, 5), (4, 14), (8, 13)],
        "escaped": [0, 14, 13, 11, 9, 1, 10, 7, 12, 8, 5, 3, 6, 4, 2],
    },
{
        "no": 24,
        "input": [[[6, 86, 70, 10, 82, 50, 40, 36, 106, 80, 94, 76, 60], [86, 6, 40, 80, 58, 60, 70, 50, 22, 36, 56, 20, 41], [70, 40, 9, 70, 86, 72, 76, 41, 60, 67, 89, 20, 10], [10, 80, 70, 4, 72, 41, 30, 31, 100, 72, 85, 72, 60], [82, 58, 86, 72, 4, 31, 44, 60, 60, 22, 14, 70, 80], [50, 60, 72, 41, 31, 4, 14, 36, 72, 36, 44, 63, 64], [40, 70, 76, 30, 44, 14, 9, 36, 85, 50, 58, 70, 67], [36, 50, 41, 31, 60, 36, 36, 6, 70, 50, 70, 41, 31], [106, 22, 60, 100, 60, 72, 85, 70, 6, 40, 53, 41, 63], [80, 36, 67, 72, 22, 36, 50, 50, 40, 1, 22, 50, 63], [94, 56, 89, 85, 14, 44, 58, 70, 53, 22, 1, 72, 85], [76, 20, 20, 72, 70, 63, 70, 41, 41, 50, 72, 4, 22], [60, 41, 10, 60, 80, 64, 67, 31, 63, 63, 85, 22, 5]], 609],
        "answer": 65,
        "rooms": [[0, 9, 6], [5, 2, 6], [1, 2, 9], [1, 9, 4], [8, 7, 4], [5, 8, 4], [4, 9, 9], [2, 6, 6], [7, 1, 6], [7, 5, 1], [9, 6, 1], [3, 2, 4], [1, 3, 5]],
