"""
TESTS is a dict with all you tests,
Keys for this will be categories' names,
Each test is dict with
    "input" -- input data for user function
    "answer" -- your right answer
    "explanation" -- not necessary key, it's using for additional info in animation,
"""

TESTS = {
    "Basics": [
        {
            "input": [[[0, 40, 0, 40, 0, 0], [40, 6, 0, 0, 40, 0], [0, 0, 3, 0, 28, 0], [40, 0, 0, 4, 40, 28],
                       [0, 40, 28, 40, 1, 0], [0, 0, 0, 28, 0, 2]], 80],
            "answer": 13,
            "rooms": [[1, 1, 0], [5, 1, 6], [7, 3, 3], [1, 5, 4], [5, 5, 1], [3, 7, 2]],
            "paths": [[0, 1], [0, 3], [1, 4], [2, 4], [3, 4], [3, 5]],
            "escaped": [0, 3, 5, 4, 1],
        },
        {
            "input": [[[0, 40, 0, 40, 0, 0], [40, 6, 0, 0, 40, 0], [0, 0, 3, 0, 28, 0], [40, 0, 0, 4, 40, 28],
                       [0, 40, 28, 40, 1, 0], [0, 0, 0, 28, 0, 2]], 40],
            "answer": 10,
            "rooms": [[1, 1, 0], [5, 1, 6], [7, 3, 3], [1, 5, 4], [5, 5, 1], [3, 7, 2]],
            "paths": [[0, 1], [0, 3], [1, 4], [2, 4], [3, 4], [3, 5]],
            "escaped": [0, 3, 1],
        },
        {
            "input": [[[0, 40, 0, 40, 0, 0], [40, 6, 0, 0, 40, 0], [0, 0, 3, 0, 28, 0], [40, 0, 0, 4, 40, 28],
                       [0, 40, 28, 40, 1, 0], [0, 0, 0, 28, 0, 2]], 39],
            "answer": 0,
            "rooms": [[1, 1, 0], [5, 1, 6], [7, 3, 3], [1, 5, 4], [5, 5, 1], [3, 7, 2]],
            "paths": [[0, 1], [0, 3], [1, 4], [2, 4], [3, 4], [3, 5]],
            "escaped": [0],
        },
        {
            "input": [[[0, 0, 40, 0, 40, 40, 0, 40, 0], [0, 1, 40, 0, 40, 0, 0, 0, 0], [40, 40, 1, 40, 0, 0, 0, 0, 0],
                       [0, 0, 40, 1, 0, 40, 0, 0, 0], [40, 40, 0, 0, 1, 0, 40, 0, 0], [40, 0, 0, 40, 0, 1, 0, 0, 40],
                       [0, 0, 0, 0, 40, 0, 1, 40, 0], [40, 0, 0, 0, 0, 0, 40, 1, 40], [0, 0, 0, 0, 0, 40, 0, 40, 1]],
                      40],
            "answer": 4,
            "rooms": [[5, 5, 0], [1, 1, 1], [1, 5, 1], [1, 9, 1], [5, 1, 1], [5, 9, 1], [9, 1, 1], [9, 5, 1],
                      [9, 9, 1]],
            "paths": [[1, 2], [2, 3], [4, 0], [0, 5], [6, 7], [7, 8], [1, 4], [2, 0], [3, 5], [4, 6], [0, 7], [5, 8]],
            "escaped": [0, 7, 5, 4, 2],
        },
        {
            "input": [[[0, 0, 40, 0, 40, 40, 0, 40, 0], [0, 1, 40, 0, 40, 0, 0, 0, 0], [40, 40, 1, 40, 0, 0, 0, 0, 0],
                       [0, 0, 40, 1, 0, 40, 0, 0, 0], [40, 40, 0, 0, 1, 0, 40, 0, 0], [40, 0, 0, 40, 0, 1, 0, 0, 40],
                       [0, 0, 0, 0, 40, 0, 1, 40, 0], [40, 0, 0, 0, 0, 0, 40, 1, 40], [0, 0, 0, 0, 0, 40, 0, 40, 1]],
                      1000],
            "answer": 8,
            "rooms": [[5, 5, 0], [1, 1, 1], [1, 5, 1], [1, 9, 1], [5, 1, 1], [5, 9, 1], [9, 1, 1], [9, 5, 1],
                      [9, 9, 1]],
            "paths": [[1, 2], [2, 3], [4, 0], [0, 5], [6, 7], [7, 8], [1, 4], [2, 0], [3, 5], [4, 6], [0, 7], [5, 8]],
            "escaped": [0, 7, 8, 5, 3, 2, 1, 4, 6],
        },
    ],
    "Extra": [
        {
            "no": 1,
            "input": [[[8, 20, 41, 14, 44, 20, 31, 31, 70, 14, 22], [20, 3, 50, 31, 40, 40, 42, 31, 86, 31, 36],
                       [41, 50, 8, 50, 30, 41, 10, 22, 41, 30, 20], [14, 31, 50, 3, 58, 14, 40, 44, 72, 20, 30],
                       [44, 40, 30, 58, 5, 56, 31, 14, 70, 42, 36], [20, 40, 41, 14, 56, 3, 31, 42, 58, 14, 22],
                       [31, 42, 10, 40, 31, 31, 7, 20, 44, 20, 10], [31, 31, 22, 44, 14, 42, 20, 2, 63, 28, 22],
                       [70, 86, 41, 72, 70, 58, 44, 63, 2, 56, 50], [14, 31, 30, 20, 42, 14, 20, 28, 56, 4, 10],
                       [22, 36, 20, 30, 36, 22, 10, 22, 50, 10, 7]], 1000],
            "answer": 52,
            "rooms": [[8, 4, 8], [8, 2, 3], [4, 5, 8], [9, 5, 3], [4, 2, 5], [8, 6, 3], [5, 5, 7], [5, 3, 2], [3, 9, 2],
                      [7, 5, 4], [6, 5, 7]],
            "paths": [(1, 2), (6, 10), (1, 4), (8, 10), (5, 8), (3, 10), (4, 10), (2, 10), (2, 5), (0, 3), (3, 4),
                      (3, 8), (8, 9), (0, 10), (5, 7), (4, 7), (7, 8), (2, 6), (5, 10), (1, 7), (1, 5), (4, 9), (1, 9),
                      (2, 4), (0, 8), (4, 6), (6, 8), (0, 7), (7, 9), (3, 5), (6, 7), (7, 10), (0, 6), (5, 9), (3, 7),
                      (4, 8), (2, 8), (5, 6), (0, 2), (2, 7), (0, 4), (6, 9), (0, 1), (2, 9), (1, 3), (9, 10), (0, 5),
                      (0, 9), (1, 8), (1, 10), (3, 6), (4, 5), (3, 9), (1, 6), (2, 3)],
            "escaped": [0, 10, 9, 8, 7, 6, 5, 4, 3, 2, 1],
        },
        {
            "no": 2,
            "input": [[[5, 10, 36, 36, 31, 28, 30, 28, 50, 14, 44, 44, 31, 31, 50, 22],
                       [10, 4, 31, 42, 30, 36, 31, 22, 58, 22, 41, 36, 41, 22, 42, 31],
                       [36, 31, 7, 72, 60, 41, 20, 50, 84, 50, 70, 22, 64, 41, 63, 56],
                       [36, 42, 72, 3, 30, 50, 63, 41, 20, 22, 41, 78, 22, 53, 60, 20],
                       [31, 30, 60, 30, 6, 58, 60, 14, 50, 28, 14, 58, 44, 28, 30, 36],
                       [28, 36, 41, 50, 58, 8, 22, 56, 53, 31, 72, 60, 31, 58, 78, 30],
                       [30, 31, 20, 63, 60, 22, 3, 53, 72, 41, 72, 41, 50, 50, 72, 44],
                       [28, 22, 50, 41, 14, 56, 53, 9, 60, 31, 20, 44, 50, 14, 22, 41],
                       [50, 58, 84, 20, 50, 53, 72, 60, 8, 36, 60, 94, 22, 72, 80, 28],
                       [14, 22, 50, 22, 28, 31, 41, 31, 36, 5, 42, 58, 20, 40, 53, 10],
                       [44, 41, 70, 41, 14, 72, 72, 20, 60, 42, 7, 63, 58, 31, 22, 50],
                       [44, 36, 22, 78, 58, 60, 41, 44, 94, 58, 63, 3, 76, 31, 50, 67],
                       [31, 41, 64, 22, 44, 31, 50, 50, 22, 20, 58, 76, 4, 60, 72, 10],
                       [31, 22, 41, 53, 28, 58, 50, 14, 72, 40, 31, 31, 60, 4, 22, 50],
                       [50, 42, 63, 60, 30, 78, 72, 22, 80, 53, 22, 50, 72, 22, 1, 63],
                       [22, 31, 56, 20, 36, 30, 44, 41, 28, 10, 50, 67, 10, 50, 63, 1]], 260],
            "answer": 78,
            "rooms": [[5, 5, 5], [5, 4, 4], [2, 3, 7], [8, 7, 3], [8, 4, 6], [3, 7, 8], [2, 5, 3], [7, 3, 9], [8, 9, 8],
                      [6, 6, 5], [9, 3, 7], [3, 1, 3], [6, 8, 4], [6, 2, 4], [8, 1, 1], [6, 7, 1]],
            "paths": [(8, 11), (6, 14), (2, 11), (0, 9), (9, 14), (3, 8), (4, 13), (7, 10), (0, 15), (4, 12), (2, 4),
                      (0, 6), (8, 12), (10, 12), (3, 12), (3, 10), (12, 13), (4, 14), (6, 12), (9, 13), (0, 14),
                      (11, 15), (13, 14), (0, 2), (0, 12), (7, 14), (5, 13), (10, 11), (14, 15), (0, 10), (2, 6),
                      (1, 7), (5, 9), (0, 1), (7, 12), (1, 4), (0, 8), (1, 14), (5, 8), (4, 8), (1, 2), (5, 10),
                      (7, 11), (1, 9), (5, 6), (12, 14), (13, 15), (7, 9), (2, 15), (3, 11), (12, 15), (9, 11), (3, 6),
                      (2, 13), (4, 15), (0, 4), (5, 7), (3, 7), (0, 5), (0, 11), (6, 10), (4, 5), (1, 15), (5, 15),
                      (2, 10), (9, 12), (8, 14), (1, 11), (10, 14), (5, 12), (0, 7), (5, 14), (10, 13), (10, 15),
                      (11, 13), (5, 11), (6, 11), (3, 5), (4, 7), (4, 9), (3, 4), (9, 15), (1, 8), (2, 9), (6, 9),
                      (0, 3), (6, 7), (0, 13), (2, 7), (1, 10), (11, 14), (6, 15), (3, 13), (1, 13), (8, 13), (4, 6),
                      (9, 10), (1, 6), (2, 8), (2, 14), (2, 3), (8, 10), (8, 15), (3, 14), (3, 15), (7, 15), (4, 11),
                      (2, 5), (1, 12), (7, 8), (7, 13), (1, 5), (2, 12), (1, 3), (11, 12), (6, 8), (6, 13), (4, 10),
                      (8, 9), (3, 9)],
            "escaped": [0, 15, 14, 13, 12, 11, 10, 7, 4, 9, 8, 3, 6, 5, 2, 1],
        },
        {
            "no": 3,
            "input": [[[2, 20, 22, 72, 50, 85, 72], [20, 3, 10, 53, 31, 67, 53], [22, 10, 7, 58, 30, 72, 50],
                       [72, 53, 58, 7, 36, 14, 40], [50, 31, 30, 36, 1, 50, 22], [85, 67, 72, 14, 50, 5, 50],
                       [72, 53, 50, 40, 22, 50, 4]], 848],
            "answer": 29,
            "rooms": [[5, 9, 2], [5, 7, 3], [6, 7, 7], [3, 2, 7], [6, 4, 1], [2, 1, 5], [7, 2, 4]],
            "paths": [(0, 3), (1, 5), (3, 6), (0, 4), (2, 4), (0, 6), (4, 6), (2, 3), (2, 6), (1, 3), (0, 2), (0, 1),
                      (3, 5), (3, 4), (1, 4), (2, 5), (1, 6), (5, 6), (1, 2), (4, 5), (0, 5)],
            "escaped": [0, 6, 5, 4, 3, 2, 1],
        },
        {
            "no": 4,
            "input": [
                [[7, 50, 22, 30, 78, 67], [50, 5, 44, 40, 28, 20], [22, 44, 9, 44, 72, 56], [30, 40, 44, 7, 63, 60],
                 [78, 28, 72, 63, 9, 20], [67, 20, 56, 60, 20, 1]], 946],
            "answer": 38,
            "rooms": [[7, 2, 7], [3, 5, 5], [5, 1, 9], [7, 5, 7], [1, 7, 9], [1, 5, 1]],
            "paths": [(1, 5), (1, 4), (3, 5), (0, 1), (1, 3), (2, 3), (4, 5), (0, 5), (3, 4), (0, 4), (0, 2), (1, 2),
                      (0, 3), (2, 5), (2, 4)],
            "escaped": [0, 5, 4, 3, 2, 1],
        },
        {
            "no": 5,
            "input": [[[1, 60, 10, 36, 53, 40, 53, 60, 20, 50, 36, 36, 72, 10, 40, 20, 22, 40],
                       [60, 8, 70, 36, 22, 72, 22, 10, 63, 14, 85, 85, 40, 60, 72, 63, 80, 20],
                       [10, 70, 6, 44, 63, 41, 63, 70, 22, 60, 31, 31, 80, 14, 41, 22, 14, 50],
                       [36, 36, 44, 5, 20, 67, 44, 31, 30, 36, 70, 50, 36, 31, 36, 50, 58, 22],
                       [53, 22, 63, 20, 8, 78, 40, 14, 50, 30, 86, 70, 22, 50, 53, 64, 76, 22],
                       [40, 72, 41, 67, 78, 1, 53, 78, 60, 58, 22, 72, 100, 50, 80, 20, 36, 56],
                       [53, 22, 63, 44, 40, 53, 3, 31, 64, 10, 70, 86, 60, 58, 78, 50, 70, 22],
                       [60, 10, 70, 31, 14, 78, 31, 4, 60, 22, 89, 82, 30, 60, 67, 67, 82, 22],
                       [20, 63, 22, 30, 50, 60, 64, 60, 2, 58, 53, 22, 63, 10, 20, 40, 36, 44],
                       [50, 14, 60, 36, 30, 58, 10, 22, 58, 8, 72, 80, 50, 53, 70, 50, 70, 14],
                       [36, 85, 31, 70, 86, 22, 70, 89, 53, 72, 5, 60, 106, 44, 72, 22, 20, 67],
                       [36, 85, 31, 50, 70, 72, 86, 82, 22, 80, 60, 4, 80, 28, 22, 53, 40, 67],
                       [72, 40, 80, 36, 22, 100, 60, 30, 63, 50, 106, 80, 1, 67, 60, 84, 94, 44],
                       [10, 60, 14, 31, 50, 50, 58, 60, 10, 53, 44, 28, 67, 6, 30, 30, 28, 41],
                       [40, 72, 41, 36, 53, 80, 78, 67, 20, 70, 72, 22, 60, 30, 2, 60, 53, 56],
                       [20, 63, 22, 50, 64, 20, 50, 67, 40, 50, 22, 53, 84, 30, 60, 1, 22, 44],
                       [22, 80, 14, 58, 76, 36, 70, 82, 36, 70, 20, 40, 94, 28, 53, 22, 5, 60],
                       [40, 20, 50, 22, 22, 56, 22, 22, 44, 14, 67, 67, 44, 41, 56, 44, 60, 5]], 351],
            "answer": 75,
            "rooms": [[7, 5, 1], [1, 5, 8], [8, 5, 6], [4, 7, 5], [2, 7, 8], [7, 1, 1], [2, 3, 3], [1, 6, 4], [7, 7, 2],
                      [2, 4, 8], [9, 2, 5], [9, 8, 4], [1, 9, 1], [7, 6, 6], [7, 9, 2], [7, 3, 1], [9, 4, 5],
                      [3, 5, 5]],
            "paths": [(8, 13), (3, 7), (5, 6), (5, 14), (3, 17), (6, 16), (4, 11), (13, 14), (3, 9), (6, 7), (0, 13),
                      (4, 7), (4, 13), (7, 13), (3, 10), (3, 6), (2, 15), (8, 17), (2, 5), (2, 11), (13, 16), (4, 6),
                      (2, 3), (6, 13), (4, 5), (3, 11), (7, 17), (14, 17), (12, 16), (2, 14), (0, 15), (1, 6), (0, 6),
                      (3, 8), (7, 15), (13, 15), (5, 7), (4, 16), (9, 11), (0, 5), (2, 7), (10, 16), (5, 9), (9, 17),
                      (7, 10), (5, 10), (2, 12), (0, 7), (3, 16), (6, 12), (8, 9), (7, 8), (7, 12), (7, 14), (2, 17),
                      (11, 17), (1, 4), (16, 17), (2, 16), (1, 5), (8, 12), (5, 15), (7, 16), (8, 16), (1, 15), (5, 8),
                      (10, 11), (9, 15), (1, 11), (6, 15), (10, 15), (6, 8), (12, 13), (3, 12), (4, 15), (1, 12),
                      (8, 11), (8, 15), (8, 10), (1, 2), (4, 8), (3, 15), (9, 14), (10, 17), (5, 13), (0, 4), (1, 3),
                      (0, 12), (0, 10), (0, 11), (5, 11), (1, 16), (1, 17), (11, 16), (3, 13), (7, 9), (0, 2), (4, 9),
                      (6, 11), (2, 8), (1, 9), (12, 17), (6, 14), (2, 9), (10, 14), (7, 11), (6, 17), (12, 15), (0, 9),
                      (4, 12), (1, 7), (12, 14), (6, 9), (2, 13), (9, 16), (1, 10), (0, 16), (0, 1), (15, 16), (9, 10),
                      (2, 4), (0, 8), (10, 12), (5, 16), (0, 14), (2, 10), (0, 17), (3, 14), (1, 8), (2, 6), (6, 10),
                      (13, 17), (3, 5), (1, 13), (1, 14), (14, 16), (9, 13), (8, 14), (4, 14), (15, 17), (4, 10),
                      (5, 12), (9, 12), (4, 17), (0, 3), (5, 17), (11, 12), (11, 15), (3, 4), (14, 15), (11, 13),
                      (10, 13), (11, 14)],
            "escaped": [0, 17, 16, 15, 14, 13, 12, 9, 7, 6, 1, 8, 4, 3, 11, 10, 5, 2],
        },
        {
            "no": 6,
            "input": [[[6, 10, 64, 20, 14, 53, 10, 50, 22, 50, 30, 36, 53, 30],
                       [10, 7, 70, 22, 10, 63, 20, 58, 31, 58, 40, 42, 58, 20],
                       [64, 70, 8, 80, 78, 31, 58, 80, 63, 20, 50, 82, 20, 86],
                       [20, 22, 80, 3, 14, 64, 22, 41, 22, 64, 36, 22, 72, 36],
                       [14, 10, 78, 14, 7, 67, 22, 53, 30, 64, 41, 36, 67, 22],
                       [53, 63, 31, 64, 67, 3, 44, 50, 42, 14, 28, 58, 42, 82],
                       [10, 20, 58, 22, 22, 44, 9, 42, 14, 42, 20, 31, 50, 40],
                       [50, 58, 80, 41, 53, 50, 42, 1, 28, 60, 31, 20, 82, 76],
                       [22, 31, 63, 22, 30, 42, 14, 28, 4, 44, 14, 20, 60, 50],
                       [50, 58, 20, 64, 64, 14, 42, 60, 44, 2, 31, 63, 28, 76],
                       [30, 40, 50, 36, 41, 28, 20, 31, 14, 31, 8, 31, 50, 60],
                       [36, 42, 82, 22, 36, 58, 31, 20, 20, 63, 31, 1, 80, 58],
                       [53, 58, 20, 72, 67, 42, 50, 82, 60, 28, 50, 80, 1, 70],
                       [30, 20, 86, 36, 22, 82, 40, 76, 50, 76, 60, 58, 70, 3]], 973],
            "answer": 63,
            "rooms": [[6, 6, 6], [6, 7, 7], [1, 2, 8], [8, 6, 3], [7, 7, 7], [4, 1, 3], [6, 5, 9], [9, 2, 1], [7, 4, 4],
                      [3, 2, 2], [6, 3, 8], [9, 4, 1], [1, 4, 1], [6, 9, 3]],
            "paths": [(6, 8), (8, 12), (3, 5), (1, 4), (3, 6), (2, 8), (4, 7), (6, 13), (7, 13), (11, 13), (0, 10),
                      (3, 13), (1, 12), (6, 9), (8, 10), (5, 10), (6, 11), (4, 11), (5, 8), (2, 9), (0, 5), (0, 2),
                      (4, 10), (7, 10), (7, 12), (4, 5), (11, 12), (3, 9), (2, 3), (2, 11), (3, 10), (1, 8), (1, 10),
                      (9, 10), (6, 10), (3, 12), (12, 13), (0, 1), (2, 10), (0, 9), (8, 13), (4, 12), (7, 9), (4, 13),
                      (3, 4), (3, 11), (5, 13), (5, 7), (1, 6), (9, 13), (0, 3), (5, 11), (0, 4), (10, 13), (3, 7),
                      (8, 9), (1, 5), (1, 13), (0, 11), (1, 7), (2, 12), (5, 12), (1, 9), (0, 7), (2, 5), (3, 8),
                      (8, 11), (4, 6), (1, 3), (5, 9), (9, 12), (10, 11), (0, 8), (2, 4), (2, 13), (4, 8), (0, 6),
                      (0, 13), (4, 9), (0, 12), (5, 6), (7, 11), (2, 6), (9, 11), (1, 11), (6, 12), (1, 2), (10, 12),
                      (6, 7), (2, 7), (7, 8)],
            "escaped": [0, 13, 12, 11, 10, 9, 8, 7, 6, 5, 4, 3, 2, 1],
        },
        {
            "no": 7,
            "input": [[[2, 63, 50, 60, 72, 72, 22, 80, 10, 42, 63, 64, 89, 67, 76, 36, 72, 28, 30],
                       [63, 3, 22, 10, 10, 60, 64, 22, 53, 58, 40, 22, 63, 10, 50, 30, 20, 40, 36],
                       [50, 22, 7, 28, 31, 72, 58, 44, 42, 60, 53, 14, 80, 20, 67, 14, 22, 22, 31],
                       [60, 10, 28, 5, 14, 50, 58, 20, 50, 50, 30, 31, 53, 20, 41, 31, 30, 41, 31],
                       [72, 10, 31, 14, 9, 60, 72, 14, 63, 64, 41, 28, 60, 14, 50, 40, 22, 50, 44],
                       [72, 60, 72, 50, 60, 1, 53, 53, 64, 31, 20, 80, 20, 70, 14, 67, 80, 72, 50],
                       [22, 64, 58, 58, 72, 53, 9, 76, 20, 22, 50, 72, 72, 70, 60, 44, 78, 41, 28],
                       [80, 22, 44, 20, 14, 53, 76, 4, 70, 64, 36, 42, 50, 28, 41, 50, 36, 60, 50],
                       [10, 53, 42, 50, 63, 64, 20, 70, 7, 36, 53, 56, 80, 58, 67, 28, 64, 22, 20],
                       [42, 58, 60, 50, 64, 31, 22, 64, 36, 2, 31, 72, 50, 67, 40, 50, 76, 50, 30],
                       [63, 40, 53, 30, 41, 20, 50, 36, 53, 31, 4, 60, 28, 50, 14, 50, 60, 56, 36],
                       [64, 22, 14, 31, 28, 80, 72, 42, 56, 72, 60, 7, 85, 14, 72, 28, 10, 36, 44],
                       [89, 63, 80, 53, 60, 20, 72, 50, 80, 50, 28, 85, 1, 72, 14, 78, 82, 84, 64],
                       [67, 10, 20, 20, 14, 70, 70, 28, 58, 67, 50, 14, 72, 7, 60, 31, 10, 41, 42],
                       [76, 50, 67, 41, 50, 14, 60, 41, 67, 40, 14, 72, 14, 60, 1, 64, 70, 70, 50],
                       [36, 30, 14, 31, 40, 67, 44, 50, 28, 50, 50, 28, 78, 31, 64, 2, 36, 10, 20],
                       [72, 20, 22, 30, 22, 80, 78, 36, 64, 76, 60, 10, 82, 10, 70, 36, 7, 44, 50],
                       [28, 40, 22, 41, 50, 72, 41, 60, 22, 50, 56, 36, 84, 41, 70, 10, 44, 5, 22],
                       [30, 36, 31, 31, 44, 50, 28, 50, 20, 30, 36, 44, 64, 42, 50, 20, 50, 22, 3]], 748],
            "answer": 86,
            "rooms": [[5, 1, 2], [3, 7, 3], [2, 5, 7], [4, 7, 5], [3, 8, 9], [9, 7, 1], [7, 2, 9], [4, 9, 4], [5, 2, 7],
                      [8, 4, 2], [7, 7, 4], [1, 6, 7], [9, 9, 1], [2, 7, 7], [8, 8, 1], [3, 4, 2], [1, 7, 7], [3, 3, 5],
                      [5, 4, 3]],
            "paths": [(0, 1), (1, 12), (1, 4), (7, 11), (9, 18), (5, 10), (9, 14), (14, 17), (6, 10), (2, 11), (1, 16),
                      (9, 15), (8, 13), (1, 7), (10, 11), (5, 13), (8, 16), (8, 15), (1, 5), (0, 2), (1, 6), (7, 17),
                      (1, 9), (3, 8), (3, 12), (0, 4), (5, 8), (11, 17), (0, 14), (15, 16), (12, 15), (16, 18), (3, 14),
                      (15, 18), (1, 15), (2, 10), (2, 17), (10, 15), (4, 8), (7, 16), (8, 17), (4, 7), (5, 15), (0, 16),
                      (1, 10), (2, 9), (9, 17), (13, 18), (0, 12), (6, 11), (5, 17), (14, 18), (9, 12), (0, 8),
                      (10, 17), (11, 15), (12, 17), (6, 9), (5, 7), (6, 18), (10, 18), (11, 18), (8, 12), (14, 16),
                      (2, 6), (15, 17), (0, 17), (5, 6), (3, 5), (13, 14), (3, 4), (0, 9), (5, 11), (5, 12), (2, 7),
                      (6, 17), (1, 18), (6, 12), (0, 10), (3, 11), (4, 18), (4, 9), (11, 16), (1, 8), (1, 2), (10, 14),
                      (6, 14), (12, 16), (0, 18), (2, 15), (8, 14), (6, 16), (6, 13), (1, 17), (0, 11), (4, 6), (1, 13),
                      (9, 10), (3, 18), (0, 5), (4, 5), (13, 16), (4, 10), (11, 14), (7, 9), (2, 18), (7, 15), (10, 16),
                      (2, 13), (4, 16), (3, 9), (3, 10), (4, 12), (9, 11), (8, 10), (7, 14), (12, 14), (2, 5), (1, 14),
                      (2, 4), (4, 11), (13, 15), (3, 6), (11, 13), (10, 12), (11, 12), (5, 16), (4, 13), (5, 14),
                      (9, 16), (4, 15), (6, 8), (1, 11), (2, 14), (8, 18), (6, 7), (4, 17), (2, 3), (12, 13), (7, 8),
                      (5, 18), (0, 3), (16, 17), (0, 7), (3, 13), (3, 16), (5, 9), (12, 18), (7, 10), (3, 7), (1, 3),
                      (3, 17), (14, 15), (0, 13), (0, 15), (7, 12), (13, 17), (0, 6), (4, 14), (17, 18), (8, 9),
                      (7, 13), (9, 13), (8, 11), (3, 15), (2, 12), (2, 8), (2, 16), (7, 18), (6, 15), (10, 13)],
            "escaped": [0, 18, 17, 16, 15, 14, 13, 12, 11, 10, 9, 8, 7, 6, 5, 3, 2, 4, 1],
        },
        {
            "no": 8,
            "input": [[[5, 50, 50, 44, 72, 31, 50, 28, 60, 50, 60, 58, 10, 28, 41, 14, 41, 36, 63, 36],
                       [50, 5, 41, 60, 30, 41, 53, 60, 42, 31, 58, 22, 42, 53, 40, 64, 50, 50, 36, 20],
                       [50, 41, 2, 86, 70, 20, 84, 76, 80, 10, 92, 63, 41, 31, 10, 60, 78, 22, 76, 50],
                       [44, 60, 86, 6, 63, 70, 14, 20, 36, 80, 22, 50, 50, 72, 78, 50, 10, 78, 44, 41],
                       [72, 30, 70, 63, 8, 70, 50, 72, 30, 60, 50, 14, 67, 82, 70, 86, 53, 80, 20, 36],
                       [31, 41, 20, 70, 70, 8, 72, 58, 72, 22, 80, 60, 22, 14, 10, 40, 64, 10, 70, 41],
                       [50, 53, 84, 14, 50, 72, 3, 31, 22, 78, 10, 40, 53, 76, 78, 60, 10, 80, 31, 36],
                       [28, 60, 76, 20, 72, 58, 31, 8, 50, 72, 41, 58, 36, 56, 67, 31, 22, 64, 56, 41],
                       [60, 42, 80, 36, 30, 72, 22, 50, 3, 72, 20, 22, 60, 80, 76, 72, 28, 82, 10, 31],
                       [50, 31, 10, 80, 60, 22, 78, 72, 72, 4, 84, 53, 40, 36, 14, 60, 72, 28, 67, 42],
                       [60, 58, 92, 22, 50, 80, 10, 41, 20, 84, 2, 41, 63, 85, 86, 70, 20, 89, 30, 42],
                       [58, 22, 63, 50, 14, 60, 40, 58, 22, 53, 41, 5, 53, 70, 60, 72, 41, 70, 14, 22],
                       [10, 42, 41, 50, 67, 22, 53, 36, 60, 40, 63, 53, 2, 22, 31, 22, 44, 28, 60, 31],
                       [28, 53, 31, 72, 82, 14, 76, 56, 80, 36, 85, 70, 22, 9, 22, 31, 67, 10, 80, 50],
                       [41, 40, 10, 78, 70, 10, 78, 67, 76, 14, 86, 60, 31, 22, 4, 50, 70, 14, 72, 44],
                       [14, 64, 60, 50, 86, 40, 60, 31, 72, 60, 70, 72, 22, 31, 50, 2, 50, 41, 76, 50],
                       [41, 50, 78, 10, 53, 64, 10, 22, 28, 72, 20, 41, 44, 67, 70, 50, 4, 72, 36, 31],
                       [36, 50, 22, 78, 80, 10, 80, 64, 82, 28, 89, 70, 28, 10, 14, 41, 72, 7, 80, 50],
                       [63, 36, 76, 44, 20, 70, 31, 56, 10, 67, 30, 14, 60, 80, 72, 76, 36, 80, 1, 30],
                       [36, 20, 50, 41, 36, 41, 36, 41, 31, 42, 42, 22, 31, 50, 44, 50, 31, 50, 30, 4]], 550],
            "answer": 92,
            "rooms": [[7, 4, 5], [4, 8, 5], [8, 9, 2], [3, 2, 6], [1, 8, 8], [8, 7, 8], [2, 3, 3], [5, 2, 8], [1, 5, 3],
                      [7, 9, 4], [1, 3, 2], [2, 7, 5], [7, 5, 2], [9, 6, 9], [8, 8, 4], [8, 3, 2], [3, 3, 4], [9, 7, 7],
                      [1, 6, 1], [4, 6, 4]],
            "paths": [(8, 16), (0, 14), (4, 13), (5, 13), (10, 17), (1, 5), (0, 13), (1, 6), (5, 11), (0, 16), (0, 17),
                      (10, 19), (4, 7), (12, 17), (7, 9), (0, 8), (9, 10), (2, 12), (6, 15), (15, 17), (4, 18), (0, 15),
                      (16, 17), (11, 14), (5, 18), (10, 11), (1, 7), (14, 19), (15, 16), (2, 15), (3, 16), (1, 19),
                      (10, 12), (9, 16), (5, 12), (4, 10), (5, 19), (2, 3), (1, 17), (8, 9), (9, 19), (16, 19), (6, 12),
                      (17, 18), (1, 12), (3, 6), (9, 11), (3, 18), (4, 9), (16, 18), (10, 16), (6, 18), (1, 13), (5, 6),
                      (2, 6), (1, 9), (2, 8), (4, 14), (9, 17), (0, 9), (8, 11), (3, 15), (6, 11), (0, 5), (0, 1),
                      (9, 15), (9, 13), (13, 14), (0, 12), (3, 9), (4, 16), (2, 17), (6, 14), (9, 18), (1, 4), (7, 14),
                      (8, 19), (7, 12), (7, 11), (14, 17), (6, 17), (11, 12), (4, 6), (1, 8), (8, 14), (10, 18), (0, 6),
                      (12, 18), (5, 9), (2, 19), (0, 10), (2, 10), (4, 8), (9, 12), (7, 19), (0, 2), (0, 7), (12, 14),
                      (6, 9), (12, 13), (14, 18), (8, 13), (11, 19), (4, 15), (3, 5), (1, 10), (13, 17), (6, 10),
                      (8, 18), (3, 10), (1, 14), (5, 16), (1, 18), (10, 13), (6, 13), (11, 17), (1, 3), (12, 19),
                      (8, 12), (18, 19), (15, 18), (4, 11), (11, 13), (3, 12), (13, 15), (15, 19), (12, 15), (2, 14),
                      (6, 7), (1, 15), (7, 10), (13, 16), (3, 19), (3, 17), (2, 11), (5, 15), (2, 5), (5, 10), (2, 9),
                      (1, 11), (7, 18), (1, 2), (0, 19), (1, 16), (13, 19), (2, 18), (3, 7), (8, 15), (11, 18), (4, 19),
                      (6, 8), (0, 4), (8, 10), (3, 8), (7, 17), (8, 17), (2, 13), (10, 15), (6, 16), (4, 17), (14, 15),
                      (3, 13), (7, 13), (2, 4), (4, 5), (3, 4), (6, 19), (10, 14), (12, 16), (5, 14), (0, 11), (2, 16),
                      (11, 16), (7, 15), (9, 14), (3, 11), (0, 18), (11, 15), (5, 17), (5, 8), (0, 3), (3, 14), (4, 12),
                      (17, 19), (2, 7), (13, 18), (5, 7), (7, 16), (14, 16), (7, 8)],
            "escaped": [0, 19, 18, 17, 16, 15, 14, 13, 12, 11, 10, 9, 2, 8, 7, 3, 6, 4, 5, 1],
        },
        {
            "no": 9,
            "input": [[[8, 94, 72, 53, 64, 50, 72, 40, 50, 60, 80], [94, 8, 70, 42, 31, 70, 22, 64, 67, 44, 50],
                       [72, 70, 1, 44, 63, 92, 60, 36, 22, 31, 22], [53, 42, 44, 1, 20, 50, 22, 22, 30, 14, 36],
                       [64, 31, 63, 20, 4, 41, 10, 41, 50, 31, 50], [50, 70, 92, 50, 41, 4, 50, 58, 72, 64, 86],
                       [72, 22, 60, 22, 10, 50, 7, 44, 50, 30, 44], [40, 64, 36, 22, 41, 58, 44, 8, 14, 22, 40],
                       [50, 67, 22, 30, 50, 72, 50, 14, 8, 22, 31], [60, 44, 31, 14, 31, 64, 30, 22, 22, 1, 22],
                       [80, 50, 22, 36, 50, 86, 44, 40, 31, 22, 1]], 889],
            "answer": 51,
            "rooms": [[7, 1, 8], [2, 9, 8], [9, 8, 1], [5, 6, 1], [3, 6, 4], [2, 2, 4], [3, 7, 7], [7, 5, 8], [8, 6, 8],
                      [6, 7, 1], [7, 9, 1]],
            "paths": [(4, 5), (0, 4), (2, 3), (4, 9), (0, 7), (2, 7), (0, 10), (1, 10), (3, 4), (5, 8), (1, 6), (0, 6),
                      (9, 10), (1, 9), (3, 7), (0, 1), (5, 7), (0, 9), (6, 7), (4, 8), (2, 10), (0, 2), (5, 6), (6, 10),
                      (6, 9), (8, 9), (7, 10), (3, 5), (5, 9), (1, 2), (1, 5), (1, 4), (4, 6), (0, 5), (7, 9), (2, 9),
                      (0, 8), (1, 8), (6, 8), (4, 10), (5, 10), (1, 3), (7, 8), (3, 10), (0, 3), (2, 5), (2, 4), (4, 7),
                      (8, 10), (2, 8), (3, 8), (1, 7), (3, 6), (2, 6), (3, 9)],
            "escaped": [0, 10, 9, 8, 7, 6, 5, 4, 3, 2, 1],
        },
        {
            "no": 10,
            "input": [
                [[4, 60, 70, 56, 50, 70], [60, 5, 41, 36, 14, 10], [70, 41, 2, 14, 50, 44], [56, 36, 14, 7, 41, 42],
                 [50, 14, 50, 41, 5, 22], [70, 10, 44, 42, 22, 6]], 871],
            "answer": 29,
            "rooms": [[1, 4, 4], [7, 5, 5], [6, 9, 2], [5, 8, 7], [6, 4, 5], [8, 5, 6]],
            "paths": [(1, 3), (1, 2), (0, 1), (3, 5), (0, 3), (0, 5), (0, 2), (0, 4), (1, 4), (1, 5), (4, 5), (2, 4),
                      (2, 5), (3, 4), (2, 3)],
            "escaped": [0, 5, 4, 3, 2, 1],
        },
        {
            "no": 11,
            "input": [[[9, 106, 72, 60, 98, 63, 100, 31, 64, 30, 20, 50, 50],
                       [106, 9, 41, 70, 10, 60, 10, 78, 42, 89, 94, 67, 85],
                       [72, 41, 6, 30, 31, 20, 40, 50, 22, 50, 56, 50, 70],
                       [60, 70, 30, 1, 60, 10, 70, 53, 44, 31, 41, 64, 80],
                       [98, 10, 31, 60, 9, 50, 14, 72, 36, 80, 86, 63, 82],
                       [63, 60, 20, 10, 50, 6, 60, 50, 36, 36, 44, 58, 76],
                       [100, 10, 40, 70, 14, 60, 9, 70, 36, 85, 89, 58, 76],
                       [31, 78, 50, 53, 72, 50, 70, 6, 36, 36, 31, 20, 28],
                       [64, 42, 22, 44, 36, 36, 36, 36, 2, 50, 53, 30, 50],
                       [30, 89, 50, 31, 80, 36, 85, 36, 50, 1, 10, 53, 64],
                       [20, 94, 56, 41, 86, 44, 89, 31, 53, 10, 5, 50, 58],
                       [50, 67, 50, 64, 63, 58, 58, 20, 30, 53, 50, 9, 20],
                       [50, 85, 70, 80, 82, 76, 76, 28, 50, 64, 58, 20, 9]], 259],
            "answer": 81,
            "rooms": [[8, 1, 9], [1, 9, 9], [2, 5, 6], [2, 2, 1], [1, 8, 9], [2, 3, 6], [2, 9, 9], [7, 4, 6], [4, 6, 2],
                      [5, 1, 1], [6, 1, 5], [7, 6, 9], [9, 6, 9]],
            "paths": [(1, 2), (7, 11), (4, 12), (11, 12), (0, 6), (0, 5), (0, 11), (0, 10), (0, 1), (5, 10), (2, 6),
                      (0, 2), (3, 7), (3, 10), (1, 12), (2, 7), (4, 8), (10, 11), (5, 9), (5, 11), (1, 10), (1, 8),
                      (8, 9), (7, 10), (4, 9), (4, 5), (2, 4), (1, 4), (5, 7), (5, 8), (3, 11), (6, 11), (4, 7), (2, 8),
                      (2, 12), (1, 7), (3, 6), (1, 5), (0, 3), (0, 4), (6, 7), (8, 10), (2, 9), (1, 3), (6, 8), (4, 10),
                      (0, 12), (10, 12), (7, 12), (6, 10), (8, 12), (1, 9), (8, 11), (0, 8), (7, 8), (9, 10), (3, 8),
                      (1, 11), (9, 11), (6, 12), (3, 5), (2, 11), (5, 12), (3, 4), (5, 6), (1, 6), (2, 5), (0, 7),
                      (4, 6), (4, 11), (3, 9), (3, 12), (9, 12), (2, 3), (2, 10), (0, 9), (7, 9), (6, 9)],
            "escaped": [0, 12, 11, 10, 9, 8, 7, 6, 4, 1, 2, 5, 3],
        },
        {
            "no": 12,
            "input": [[[6, 72, 41, 50, 50, 50, 10, 42, 53, 22, 30, 44, 14, 41, 86],
                       [72, 9, 50, 31, 41, 60, 67, 31, 22, 72, 50, 28, 58, 53, 31],
                       [41, 50, 7, 50, 56, 14, 31, 22, 44, 28, 44, 36, 30, 58, 50],
                       [50, 31, 50, 1, 10, 64, 50, 28, 10, 60, 22, 14, 40, 22, 60],
                       [50, 41, 56, 10, 2, 70, 50, 36, 20, 63, 20, 22, 41, 14, 70],
                       [50, 60, 14, 64, 70, 3, 40, 36, 58, 31, 58, 50, 41, 72, 53],
                       [10, 67, 31, 50, 50, 40, 2, 36, 50, 14, 31, 41, 10, 44, 78],
                       [42, 31, 22, 28, 36, 36, 36, 6, 22, 41, 30, 14, 28, 41, 44],
                       [53, 22, 44, 10, 20, 58, 50, 22, 2, 60, 28, 10, 41, 31, 50],
                       [22, 72, 28, 60, 63, 31, 14, 41, 60, 7, 44, 50, 22, 58, 78],
                       [30, 50, 44, 22, 20, 58, 31, 30, 28, 44, 9, 22, 22, 14, 72],
                       [44, 28, 36, 14, 22, 50, 41, 14, 10, 50, 22, 7, 31, 30, 50],
                       [14, 58, 30, 40, 41, 41, 10, 28, 41, 22, 22, 31, 8, 36, 72],
                       [41, 53, 58, 22, 14, 72, 44, 41, 31, 58, 14, 30, 36, 6, 80],
                       [86, 31, 50, 60, 70, 53, 78, 44, 50, 78, 72, 50, 72, 80, 4]], 640],
            "answer": 79,
            "rooms": [[7, 2, 6], [1, 6, 9], [6, 6, 7], [2, 3, 1], [2, 2, 2], [7, 7, 3], [7, 3, 2], [4, 5, 6], [2, 4, 2],
                      [8, 4, 7], [4, 2, 9], [3, 4, 7], [6, 3, 8], [3, 1, 6], [2, 9, 4]],
            "paths": [(2, 14), (0, 6), (5, 9), (1, 8), (11, 14), (4, 12), (3, 9), (10, 12), (2, 5), (6, 13), (6, 10),
                      (9, 11), (1, 7), (4, 14), (3, 14), (0, 3), (9, 13), (3, 4), (3, 6), (0, 11), (1, 5), (2, 6),
                      (5, 14), (8, 14), (4, 6), (2, 8), (11, 12), (4, 5), (0, 9), (10, 13), (7, 9), (2, 10), (2, 7),
                      (1, 4), (4, 13), (8, 12), (4, 9), (1, 3), (5, 13), (4, 7), (7, 13), (3, 8), (5, 8), (11, 13),
                      (0, 12), (0, 8), (2, 9), (6, 7), (5, 12), (3, 12), (0, 14), (1, 13), (3, 10), (0, 5), (10, 14),
                      (6, 9), (12, 13), (7, 12), (7, 11), (7, 10), (5, 11), (7, 8), (10, 11), (6, 12), (1, 12), (8, 9),
                      (6, 11), (3, 11), (2, 12), (6, 8), (1, 10), (4, 8), (4, 11), (0, 2), (2, 13), (0, 10), (1, 14),
                      (9, 10), (3, 5), (9, 12), (0, 1), (2, 4), (5, 10), (4, 10), (2, 11), (5, 6), (3, 13), (13, 14),
                      (7, 14), (12, 14), (0, 13), (9, 14), (6, 14), (8, 13), (1, 2), (8, 10), (5, 7), (1, 11), (8, 11),
                      (1, 6), (1, 9), (2, 3), (0, 7), (3, 7), (0, 4)],
            "escaped": [0, 14, 13, 12, 11, 10, 9, 8, 7, 6, 5, 4, 3, 2, 1],
        },
        {
            "no": 13,
            "input": [[[1, 64, 60, 31, 30, 50, 60, 36, 41, 22, 50], [64, 9, 63, 41, 44, 30, 41, 31, 31, 44, 50],
                       [60, 63, 1, 36, 72, 78, 92, 42, 70, 44, 92], [31, 41, 36, 7, 36, 44, 58, 10, 36, 10, 56],
                       [30, 44, 72, 36, 5, 22, 30, 31, 14, 28, 22], [50, 30, 78, 44, 22, 9, 14, 36, 10, 41, 20],
                       [60, 41, 92, 58, 30, 14, 3, 50, 22, 53, 14], [36, 31, 42, 10, 31, 36, 50, 6, 28, 14, 50],
                       [41, 31, 70, 36, 14, 10, 22, 28, 5, 31, 22], [22, 44, 44, 10, 28, 41, 53, 14, 31, 6, 50],
                       [50, 50, 92, 56, 22, 20, 14, 50, 22, 50, 1]], 370],
            "answer": 53,
            "rooms": [[2, 2, 1], [6, 7, 9], [8, 1, 1], [5, 3, 7], [2, 5, 5], [3, 7, 9], [2, 8, 3], [5, 4, 6], [3, 6, 5],
                      [4, 3, 6], [1, 7, 1]],
            "paths": [(2, 4), (1, 3), (3, 8), (1, 8), (0, 9), (0, 3), (0, 8), (7, 10), (6, 8), (0, 10), (0, 6), (2, 5),
                      (1, 6), (0, 2), (6, 7), (1, 2), (2, 7), (2, 10), (2, 3), (5, 7), (1, 10), (3, 6), (3, 5), (5, 9),
                      (0, 4), (8, 9), (3, 4), (2, 6), (3, 9), (3, 10), (5, 10), (0, 5), (1, 5), (7, 9), (4, 9), (4, 8),
                      (8, 10), (1, 4), (0, 7), (6, 10), (2, 8), (4, 7), (5, 8), (7, 8), (4, 6), (4, 5), (3, 7), (4, 10),
                      (1, 7), (6, 9), (2, 9), (1, 9), (5, 6), (0, 1), (9, 10)],
            "escaped": [0, 10, 9, 8, 7, 6, 5, 4, 3, 2, 1],
        },
        {
            "no": 14,
            "input": [[[6, 53, 36, 31, 60, 31, 50, 22, 30, 50, 14], [53, 6, 70, 85, 56, 41, 10, 56, 50, 30, 60],
                       [36, 70, 6, 41, 42, 30, 72, 58, 20, 80, 22], [31, 85, 41, 6, 80, 56, 82, 41, 50, 80, 28],
                       [60, 56, 42, 80, 6, 30, 64, 80, 31, 80, 53], [31, 41, 30, 56, 30, 6, 44, 50, 10, 56, 28],
                       [50, 10, 72, 82, 64, 44, 6, 50, 53, 20, 60], [22, 56, 58, 41, 80, 50, 50, 4, 50, 41, 36],
                       [30, 50, 20, 50, 31, 10, 53, 50, 8, 64, 22], [50, 30, 80, 80, 80, 56, 20, 41, 64, 7, 63],
                       [14, 60, 22, 28, 53, 28, 60, 36, 22, 63, 1]], 59],
            "answer": 56,
            "rooms": [[6, 7, 6], [1, 5, 6], [8, 4, 6], [9, 8, 6], [5, 1, 6], [5, 4, 6], [1, 6, 6], [5, 9, 4], [6, 4, 8],
                      [1, 8, 7], [7, 6, 1]],
            "paths": [(0, 8), (0, 6), (1, 9), (1, 4), (4, 8), (2, 5), (6, 8), (3, 8), (3, 9), (2, 6), (2, 9), (3, 7),
                      (6, 10), (3, 6), (6, 9), (0, 4), (2, 3), (4, 9), (4, 10), (3, 4), (6, 7), (3, 10), (2, 10),
                      (5, 7), (4, 7), (4, 5), (5, 8), (9, 10), (1, 7), (3, 5), (1, 2), (0, 9), (0, 7), (1, 10), (7, 9),
                      (1, 3), (7, 8), (1, 5), (1, 6), (0, 3), (2, 8), (2, 4), (1, 8), (8, 9), (0, 5), (4, 6), (0, 1),
                      (2, 7), (0, 2), (5, 9), (7, 10), (5, 10), (8, 10), (5, 6), (0, 10)],
            "escaped": [0, 10, 8, 5, 2, 7, 3, 9, 6, 1],
        },
        {
            "no": 15,
            "input": [[[2, 60, 80, 20, 63, 72, 28, 40, 50, 41, 76, 80, 64],
                       [60, 2, 50, 67, 30, 31, 41, 22, 28, 58, 41, 22, 31],
                       [80, 50, 3, 72, 22, 20, 78, 50, 76, 100, 10, 41, 82],
                       [20, 67, 72, 5, 60, 70, 44, 44, 64, 60, 70, 82, 78],
                       [63, 30, 22, 60, 6, 10, 56, 28, 53, 78, 14, 28, 60],
                       [72, 31, 20, 70, 10, 1, 64, 36, 58, 84, 10, 22, 63],
                       [28, 41, 78, 44, 56, 64, 2, 28, 22, 22, 70, 63, 36],
                       [40, 22, 50, 44, 28, 36, 28, 4, 30, 50, 42, 40, 41],
                       [50, 28, 76, 64, 53, 58, 22, 30, 7, 31, 67, 50, 14],
                       [41, 58, 100, 60, 78, 84, 22, 50, 31, 3, 92, 80, 40],
                       [76, 41, 10, 70, 14, 10, 70, 42, 67, 92, 7, 31, 72],
                       [80, 22, 41, 82, 28, 22, 63, 40, 50, 80, 31, 2, 50],
                       [64, 31, 82, 78, 60, 63, 36, 41, 14, 40, 72, 50, 3]], 839],
            "answer": 47,
            "rooms": [[5, 1, 2], [4, 7, 2], [9, 8, 3], [7, 1, 5], [7, 7, 6], [7, 8, 1], [3, 3, 2], [5, 5, 4], [2, 5, 7],
                      [1, 2, 3], [8, 8, 7], [5, 9, 2], [1, 6, 3]],
            "paths": [(7, 8), (6, 9), (7, 9), (8, 10), (5, 11), (6, 12), (2, 8), (2, 7), (1, 5), (2, 11), (6, 10),
                      (3, 4), (3, 7), (4, 7), (9, 10), (0, 7), (7, 12), (11, 12), (3, 5), (0, 6), (1, 4), (1, 9),
                      (4, 6), (4, 8), (0, 5), (10, 12), (3, 6), (0, 8), (8, 12), (1, 12), (7, 10), (2, 12), (0, 2),
                      (0, 12), (4, 12), (3, 12), (2, 10), (1, 8), (7, 11), (9, 11), (4, 9), (2, 5), (6, 8), (0, 10),
                      (9, 12), (2, 6), (4, 10), (0, 11), (5, 9), (5, 6), (2, 4), (1, 2), (5, 10), (8, 11), (1, 3),
                      (2, 3), (8, 9), (2, 9), (1, 6), (5, 12), (0, 3), (6, 7), (3, 8), (3, 10), (0, 1), (3, 9), (0, 9),
                      (1, 7), (6, 11), (10, 11), (5, 8), (0, 4), (5, 7), (1, 10), (4, 11), (1, 11), (3, 11), (4, 5)],
            "escaped": [0, 12, 11, 10, 9, 8, 7, 6, 5, 4, 3, 2, 1],
        },
        {
            "no": 16,
            "input": [
                [[7, 60, 36, 22, 10, 31, 41, 70], [60, 6, 85, 72, 60, 58, 22, 50], [36, 85, 6, 50, 28, 67, 72, 106],
                 [22, 72, 50, 4, 31, 22, 50, 67], [10, 60, 28, 31, 4, 41, 44, 78], [31, 58, 67, 22, 41, 3, 36, 44],
                 [41, 22, 72, 50, 44, 36, 7, 41], [70, 50, 106, 67, 78, 44, 41, 1]], 67],
            "answer": 37,
            "rooms": [[4, 7, 7], [4, 1, 6], [1, 9, 6], [6, 8, 4], [3, 7, 4], [7, 6, 3], [5, 3, 7], [9, 2, 1]],
            "paths": [(3, 4), (5, 6), (0, 2), (5, 7), (4, 5), (3, 6), (0, 5), (4, 7), (2, 4), (2, 3), (1, 2), (2, 6),
                      (1, 4), (0, 4), (1, 6), (1, 7), (1, 3), (1, 5), (2, 7), (4, 6), (0, 3), (6, 7), (3, 7), (2, 5),
                      (3, 5), (0, 6), (0, 1), (0, 7)],
            "escaped": [0, 6, 1, 5, 3, 4, 2],
        },
        {
            "no": 17,
            "input": [[[3, 100, 40, 31, 50, 84, 50], [100, 4, 82, 76, 80, 20, 50], [40, 82, 7, 14, 10, 63, 41],
                       [31, 76, 14, 1, 22, 58, 30], [50, 80, 10, 22, 4, 60, 44], [84, 20, 63, 58, 60, 8, 36],
                       [50, 50, 41, 30, 44, 36, 7]], 859],
            "answer": 34,
            "rooms": [[8, 9, 3], [2, 1, 4], [4, 9, 7], [5, 8, 1], [3, 9, 4], [2, 3, 8], [5, 5, 7]],
            "paths": [(0, 2), (0, 3), (1, 2), (3, 5), (3, 4), (0, 6), (1, 6), (3, 6), (0, 4), (1, 4), (4, 6), (1, 3),
                      (2, 3), (2, 6), (4, 5), (1, 5), (0, 1), (0, 5), (2, 5), (5, 6), (2, 4)],
            "escaped": [0, 6, 5, 4, 3, 2, 1],
        },
        {
            "no": 18,
            "input": [[[7, 22, 50, 80, 58, 64, 72, 30, 36], [22, 7, 44, 70, 36, 42, 64, 44, 14],
                       [50, 44, 5, 31, 60, 70, 22, 40, 50], [80, 70, 31, 4, 72, 82, 10, 70, 72],
                       [58, 36, 60, 72, 1, 10, 70, 78, 22], [64, 42, 70, 82, 10, 2, 80, 86, 28],
                       [72, 64, 22, 10, 70, 80, 8, 60, 67], [30, 44, 40, 70, 78, 86, 60, 4, 58],
                       [36, 14, 50, 72, 22, 28, 67, 58, 1]], 530],
            "answer": 39,
            "rooms": [[9, 5, 7], [7, 4, 7], [5, 8, 5], [2, 9, 4], [4, 2, 1], [4, 1, 2], [3, 9, 8], [9, 8, 4],
                      [6, 3, 1]],
            "paths": [(0, 6), (2, 4), (5, 7), (7, 8), (1, 8), (2, 5), (1, 7), (2, 6), (0, 8), (1, 3), (1, 6), (5, 6),
                      (2, 8), (6, 7), (0, 7), (4, 7), (0, 2), (4, 6), (0, 4), (1, 5), (3, 8), (1, 2), (6, 8), (4, 5),
                      (0, 3), (3, 6), (1, 4), (3, 7), (2, 7), (3, 4), (2, 3), (4, 8), (0, 1), (0, 5), (5, 8), (3, 5)],
            "escaped": [0, 8, 7, 6, 5, 4, 3, 2, 1],
        },
        {
            "no": 19,
            "input": [[[9, 72, 72, 36, 44, 44, 14, 64, 30, 80, 85, 40, 50, 20, 53, 80, 50, 60],
                       [72, 5, 22, 80, 28, 40, 58, 10, 60, 10, 22, 44, 50, 56, 41, 53, 50, 40],
                       [72, 22, 3, 70, 30, 53, 60, 28, 70, 20, 14, 36, 67, 53, 58, 31, 36, 22],
                       [36, 80, 70, 5, 53, 70, 41, 76, 63, 86, 84, 36, 80, 30, 80, 63, 36, 50],
                       [44, 28, 30, 53, 9, 28, 31, 22, 41, 36, 41, 20, 42, 28, 36, 50, 31, 28],
                       [44, 40, 53, 70, 28, 6, 31, 30, 22, 50, 60, 44, 14, 40, 10, 78, 58, 56],
                       [14, 58, 60, 41, 31, 31, 5, 50, 22, 67, 72, 31, 40, 14, 41, 72, 44, 50],
                       [64, 10, 28, 76, 22, 30, 50, 4, 50, 20, 31, 41, 41, 50, 31, 58, 50, 41],
                       [30, 60, 70, 63, 41, 22, 22, 50, 3, 70, 80, 50, 22, 36, 28, 89, 64, 67],
                       [80, 10, 20, 86, 36, 50, 67, 20, 70, 4, 14, 50, 60, 64, 50, 50, 53, 41],
                       [85, 22, 14, 84, 41, 60, 72, 31, 80, 14, 3, 50, 72, 67, 63, 40, 50, 36],
